prediction	angry	disgust	fear	happy	sad	surprise	neutral
sad	0.049	0.000	0.312	0.044	0.527	0.007	0.061
sad	0.073	0.000	0.128	0.066	0.432	0.008	0.292
sad	0.022	0.000	0.157	0.066	0.569	0.009	0.177
sad	0.127	0.000	0.055	0.022	0.732	0.015	0.048
sad	0.092	0.000	0.082	0.026	0.508	0.004	0.287
sad	0.067	0.000	0.011	0.002	0.897	0.001	0.022
sad	0.099	0.000	0.026	0.002	0.768	0.002	0.103
sad	0.041	0.000	0.096	0.015	0.766	0.014	0.068
neutral	0.106	0.000	0.110	0.104	0.171	0.046	0.463
sad	0.009	0.000	0.030	0.003	0.915	0.003	0.041
sad	0.045	0.001	0.167	0.008	0.732	0.008	0.039
neutral	0.070	0.000	0.053	0.034	0.097	0.156	0.590
sad	0.023	0.000	0.066	0.015	0.677	0.012	0.207
neutral	0.055	0.000	0.059	0.121	0.171	0.126	0.467
sad	0.077	0.000	0.070	0.031	0.617	0.024	0.181
neutral	0.091	0.000	0.073	0.067	0.169	0.152	0.449
sad	0.036	0.000	0.054	0.013	0.803	0.006	0.087
sad	0.139	0.000	0.022	0.004	0.549	0.019	0.267
sad	0.021	0.000	0.073	0.004	0.851	0.007	0.045
sad	0.087	0.000	0.020	0.008	0.817	0.008	0.060
neutral	0.046	0.000	0.093	0.035	0.159	0.103	0.565
sad	0.095	0.000	0.091	0.010	0.758	0.002	0.044
neutral	0.067	0.000	0.062	0.043	0.134	0.105	0.589
