prediction	angry	disgust	fear	happy	sad	surprise	neutral
angry	0.327	0.001	0.033	0.155	0.275	0.028	0.181
angry	0.374	0.072	0.066	0.322	0.065	0.055	0.046
angry	0.395	0.041	0.041	0.368	0.050	0.052	0.053
sad	0.061	0.000	0.129	0.094	0.607	0.091	0.018
sad	0.116	0.000	0.050	0.004	0.431	0.016	0.383
angry	0.420	0.040	0.039	0.331	0.062	0.056	0.051
sad	0.136	0.000	0.047	0.004	0.492	0.008	0.313
sad	0.082	0.000	0.061	0.009	0.429	0.014	0.407
sad	0.086	0.000	0.084	0.011	0.403	0.014	0.402
sad	0.090	0.000	0.075	0.008	0.438	0.008	0.380
neutral	0.075	0.000	0.079	0.010	0.387	0.011	0.437
neutral	0.053	0.000	0.049	0.020	0.331	0.011	0.535
angry	0.416	0.000	0.021	0.313	0.166	0.016	0.068
sad	0.097	0.000	0.118	0.004	0.435	0.003	0.343
sad	0.120	0.000	0.054	0.024	0.398	0.017	0.386
sad	0.203	0.000	0.081	0.020	0.472	0.036	0.187
neutral	0.113	0.000	0.047	0.029	0.330	0.015	0.466
happy	0.277	0.031	0.036	0.540	0.033	0.061	0.022
angry	0.415	0.031	0.041	0.345	0.060	0.070	0.038
sad	0.078	0.000	0.086	0.010	0.429	0.030	0.368
neutral	0.064	0.000	0.072	0.005	0.376	0.025	0.458
sad	0.054	0.000	0.097	0.004	0.699	0.002	0.144
sad	0.249	0.000	0.016	0.113	0.323	0.021	0.278
sad	0.305	0.000	0.023	0.147	0.313	0.016	0.196
sad	0.271	0.000	0.023	0.173	0.337	0.021	0.174
neutral	0.157	0.000	0.115	0.012	0.299	0.042	0.377
sad	0.304	0.000	0.023	0.126	0.323	0.020	0.204
neutral	0.118	0.000	0.101	0.010	0.271	0.009	0.491
sad	0.261	0.000	0.019	0.192	0.266	0.021	0.240
neutral	0.083	0.000	0.114	0.010	0.318	0.016	0.458
sad	0.277	0.000	0.022	0.108	0.335	0.018	0.240
sad	0.267	0.000	0.024	0.101	0.394	0.018	0.196
sad	0.069	0.000	0.087	0.003	0.648	0.002	0.191
neutral	0.094	0.000	0.033	0.011	0.316	0.008	0.538
neutral	0.062	0.000	0.030	0.045	0.144	0.019	0.699
neutral	0.047	0.000	0.019	0.013	0.181	0.008	0.732
angry	0.373	0.000	0.027	0.139	0.346	0.020	0.095
neutral	0.019	0.000	0.023	0.018	0.104	0.010	0.827
neutral	0.026	0.000	0.035	0.037	0.110	0.007	0.784
neutral	0.025	0.000	0.044	0.049	0.122	0.013	0.747
neutral	0.060	0.000	0.038	0.031	0.224	0.008	0.638
neutral	0.040	0.000	0.021	0.010	0.095	0.005	0.830
neutral	0.055	0.000	0.028	0.007	0.226	0.006	0.678
sad	0.081	0.000	0.152	0.007	0.488	0.006	0.265
neutral	0.044	0.000	0.019	0.008	0.119	0.008	0.802
angry	0.577	0.000	0.034	0.036	0.228	0.035	0.090
sad	0.159	0.000	0.150	0.005	0.409	0.009	0.269
neutral	0.077	0.000	0.040	0.006	0.195	0.010	0.671
neutral	0.056	0.000	0.038	0.011	0.152	0.014	0.729
neutral	0.043	0.000	0.017	0.025	0.105	0.016	0.795
neutral	0.037	0.000	0.017	0.029	0.100	0.014	0.804
neutral	0.032	0.000	0.017	0.013	0.095	0.013	0.830
happy	0.276	0.035	0.087	0.443	0.076	0.056	0.026
neutral	0.056	0.000	0.023	0.020	0.173	0.010	0.718
happy	0.264	0.002	0.032	0.540	0.044	0.098	0.019
neutral	0.102	0.000	0.054	0.003	0.317	0.006	0.517
happy	0.236	0.000	0.027	0.326	0.267	0.013	0.131
angry	0.311	0.215	0.047	0.253	0.068	0.069	0.038
sad	0.112	0.000	0.140	0.004	0.540	0.003	0.200
neutral	0.080	0.000	0.046	0.005	0.276	0.005	0.588
angry	0.376	0.153	0.022	0.291	0.076	0.042	0.040
neutral	0.093	0.000	0.027	0.008	0.227	0.006	0.638
happy	0.205	0.008	0.024	0.616	0.049	0.038	0.059
neutral	0.112	0.000	0.085	0.015	0.270	0.012	0.506
neutral	0.067	0.000	0.047	0.006	0.223	0.007	0.649
sad	0.024	0.002	0.027	0.114	0.607	0.206	0.020
happy	0.208	0.009	0.013	0.560	0.055	0.089	0.067
neutral	0.043	0.000	0.043	0.008	0.178	0.011	0.718
fear	0.043	0.000	0.542	0.063	0.268	0.014	0.070
happy	0.276	0.005	0.018	0.443	0.070	0.072	0.116
neutral	0.055	0.000	0.046	0.014	0.197	0.017	0.671
neutral	0.041	0.000	0.042	0.007	0.185	0.008	0.718
sad	0.090	0.000	0.083	0.002	0.623	0.003	0.199
neutral	0.034	0.000	0.020	0.044	0.130	0.017	0.755
neutral	0.093	0.000	0.023	0.010	0.201	0.004	0.669
neutral	0.064	0.000	0.060	0.010	0.325	0.009	0.532
neutral	0.122	0.000	0.163	0.014	0.296	0.004	0.401
sad	0.048	0.000	0.072	0.011	0.431	0.012	0.426
neutral	0.052	0.000	0.026	0.015	0.188	0.009	0.710
neutral	0.036	0.000	0.042	0.022	0.339	0.009	0.553
neutral	0.021	0.000	0.028	0.030	0.170	0.015	0.736
neutral	0.033	0.000	0.044	0.012	0.207	0.015	0.689
neutral	0.027	0.000	0.036	0.047	0.202	0.010	0.678
sad	0.030	0.000	0.121	0.052	0.529	0.223	0.045
neutral	0.030	0.000	0.032	0.027	0.167	0.010	0.735
neutral	0.037	0.000	0.079	0.015	0.330	0.012	0.526
angry	0.530	0.000	0.052	0.051	0.268	0.035	0.065
neutral	0.029	0.000	0.081	0.010	0.415	0.006	0.460
neutral	0.042	0.000	0.055	0.008	0.351	0.006	0.538
sad	0.067	0.000	0.081	0.003	0.447	0.003	0.399
sad	0.356	0.000	0.071	0.023	0.445	0.029	0.075
neutral	0.021	0.000	0.051	0.008	0.304	0.008	0.608
angry	0.442	0.000	0.028	0.039	0.299	0.055	0.136
neutral	0.022	0.000	0.055	0.005	0.308	0.006	0.604
angry	0.450	0.000	0.072	0.040	0.177	0.055	0.205
neutral	0.034	0.000	0.041	0.016	0.205	0.011	0.693
sad	0.224	0.000	0.110	0.017	0.478	0.050	0.121
neutral	0.045	0.000	0.034	0.012	0.180	0.014	0.715
neutral	0.069	0.000	0.039	0.013	0.145	0.020	0.713
neutral	0.062	0.000	0.022	0.016	0.143	0.038	0.719
neutral	0.073	0.000	0.039	0.010	0.309	0.012	0.555
sad	0.243	0.000	0.089	0.052	0.309	0.059	0.247
sad	0.257	0.000	0.099	0.040	0.339	0.048	0.217
angry	0.607	0.000	0.017	0.109	0.186	0.030	0.051
angry	0.554	0.000	0.022	0.049	0.229	0.035	0.110
angry	0.473	0.000	0.044	0.067	0.301	0.038	0.078
neutral	0.076	0.000	0.062	0.002	0.299	0.023	0.538
angry	0.701	0.000	0.013	0.066	0.111	0.033	0.077
neutral	0.065	0.000	0.067	0.002	0.297	0.031	0.537
angry	0.682	0.000	0.016	0.081	0.148	0.023	0.050
angry	0.655	0.000	0.013	0.080	0.146	0.031	0.075
angry	0.425	0.000	0.065	0.036	0.313	0.031	0.130
disgust	0.138	0.293	0.015	0.124	0.070	0.251	0.109
angry	0.477	0.001	0.026	0.096	0.210	0.034	0.157
sad	0.295	0.000	0.081	0.041	0.327	0.064	0.192
angry	0.521	0.000	0.029	0.181	0.176	0.039	0.055
sad	0.138	0.001	0.124	0.139	0.404	0.151	0.043
angry	0.461	0.000	0.077	0.022	0.312	0.037	0.091
sad	0.090	0.000	0.143	0.073	0.594	0.076	0.023
sad	0.076	0.000	0.136	0.002	0.488	0.009	0.289
sad	0.081	0.000	0.203	0.002	0.369	0.016	0.330
angry	0.729	0.000	0.020	0.068	0.094	0.010	0.079
neutral	0.085	0.000	0.199	0.009	0.308	0.032	0.366
angry	0.628	0.000	0.013	0.085	0.191	0.022	0.060
sad	0.141	0.000	0.191	0.003	0.359	0.032	0.273
angry	0.663	0.000	0.022	0.085	0.147	0.030	0.054
angry	0.648	0.000	0.053	0.015	0.201	0.018	0.065
neutral	0.104	0.000	0.147	0.009	0.361	0.004	0.375
sad	0.055	0.000	0.185	0.027	0.405	0.013	0.316
sad	0.039	0.000	0.087	0.003	0.595	0.003	0.274
angry	0.602	0.000	0.017	0.103	0.189	0.020	0.070
angry	0.640	0.000	0.020	0.073	0.186	0.023	0.058
sad	0.046	0.000	0.107	0.002	0.653	0.004	0.188
angry	0.587	0.000	0.016	0.121	0.186	0.027	0.063
sad	0.113	0.000	0.165	0.002	0.451	0.008	0.260
sad	0.108	0.000	0.206	0.011	0.482	0.003	0.190
sad	0.096	0.000	0.209	0.018	0.451	0.003	0.223
sad	0.081	0.000	0.140	0.014	0.470	0.004	0.290
sad	0.063	0.000	0.202	0.017	0.473	0.007	0.238
sad	0.269	0.000	0.076	0.020	0.462	0.044	0.131
neutral	0.037	0.000	0.034	0.012	0.243	0.013	0.660
neutral	0.050	0.000	0.048	0.008	0.269	0.028	0.597
angry	0.569	0.000	0.049	0.040	0.202	0.036	0.104
neutral	0.028	0.000	0.049	0.005	0.254	0.015	0.648
neutral	0.031	0.000	0.042	0.005	0.232	0.017	0.673
neutral	0.048	0.000	0.042	0.004	0.267	0.019	0.620
sad	0.112	0.000	0.139	0.004	0.572	0.006	0.167
sad	0.062	0.000	0.087	0.005	0.571	0.003	0.272
sad	0.241	0.000	0.166	0.011	0.335	0.013	0.235
neutral	0.066	0.000	0.045	0.004	0.337	0.007	0.539
neutral	0.051	0.000	0.073	0.004	0.327	0.009	0.536
neutral	0.055	0.000	0.043	0.016	0.224	0.015	0.648
neutral	0.047	0.000	0.035	0.010	0.184	0.012	0.711
neutral	0.064	0.000	0.057	0.006	0.316	0.011	0.548
neutral	0.029	0.000	0.038	0.009	0.217	0.010	0.697
neutral	0.078	0.000	0.068	0.021	0.267	0.018	0.549
sad	0.132	0.000	0.162	0.004	0.482	0.004	0.217
neutral	0.156	0.000	0.093	0.012	0.294	0.004	0.440
neutral	0.072	0.000	0.050	0.024	0.168	0.018	0.668
sad	0.098	0.000	0.139	0.004	0.444	0.003	0.313
neutral	0.063	0.000	0.036	0.002	0.334	0.005	0.559
neutral	0.084	0.000	0.034	0.035	0.280	0.027	0.540
neutral	0.054	0.000	0.034	0.015	0.196	0.013	0.688
neutral	0.054	0.000	0.040	0.011	0.278	0.028	0.588
sad	0.052	0.000	0.253	0.107	0.349	0.003	0.236
sad	0.051	0.000	0.282	0.156	0.344	0.004	0.164
neutral	0.050	0.000	0.030	0.020	0.206	0.030	0.664
neutral	0.053	0.000	0.060	0.004	0.356	0.010	0.517
neutral	0.120	0.000	0.029	0.008	0.234	0.012	0.598
neutral	0.036	0.000	0.045	0.005	0.284	0.018	0.612
neutral	0.054	0.000	0.034	0.013	0.182	0.030	0.687
neutral	0.041	0.000	0.051	0.005	0.292	0.022	0.590
neutral	0.061	0.000	0.050	0.007	0.232	0.035	0.614
neutral	0.083	0.000	0.039	0.016	0.347	0.006	0.509
sad	0.103	0.000	0.233	0.002	0.353	0.010	0.298
sad	0.040	0.000	0.233	0.013	0.617	0.002	0.095
sad	0.088	0.000	0.246	0.002	0.345	0.009	0.309
surprise	0.036	0.000	0.061	0.070	0.288	0.536	0.008
neutral	0.087	0.000	0.025	0.020	0.207	0.007	0.654
neutral	0.090	0.000	0.044	0.010	0.295	0.009	0.552
neutral	0.052	0.000	0.074	0.005	0.270	0.046	0.553
neutral	0.027	0.000	0.059	0.004	0.255	0.019	0.636
neutral	0.024	0.000	0.073	0.006	0.420	0.032	0.445
sad	0.142	0.000	0.116	0.167	0.383	0.051	0.141
neutral	0.028	0.000	0.089	0.006	0.421	0.015	0.441
neutral	0.035	0.000	0.075	0.003	0.341	0.009	0.537
happy	0.234	0.004	0.048	0.479	0.059	0.141	0.036
neutral	0.029	0.000	0.115	0.015	0.357	0.014	0.470
neutral	0.034	0.000	0.058	0.004	0.444	0.004	0.456
neutral	0.084	0.000	0.049	0.012	0.343	0.013	0.499
fear	0.041	0.001	0.414	0.010	0.388	0.006	0.141
neutral	0.023	0.000	0.080	0.008	0.302	0.014	0.573
happy	0.137	0.001	0.059	0.550	0.110	0.096	0.045
neutral	0.050	0.000	0.105	0.011	0.298	0.014	0.521
neutral	0.076	0.000	0.029	0.006	0.299	0.008	0.583
neutral	0.069	0.000	0.037	0.010	0.233	0.012	0.639
sad	0.026	0.000	0.074	0.235	0.606	0.020	0.038
neutral	0.023	0.000	0.112	0.001	0.402	0.011	0.452
angry	0.549	0.000	0.021	0.194	0.117	0.009	0.110
sad	0.064	0.000	0.105	0.002	0.592	0.003	0.232
angry	0.291	0.000	0.055	0.140	0.269	0.021	0.224
sad	0.052	0.000	0.164	0.010	0.479	0.005	0.291
surprise	0.025	0.000	0.037	0.059	0.097	0.773	0.008
sad	0.042	0.000	0.204	0.001	0.706	0.001	0.046
surprise	0.049	0.003	0.070	0.148	0.072	0.649	0.010
sad	0.039	0.000	0.182	0.001	0.687	0.001	0.089
sad	0.044	0.000	0.145	0.001	0.738	0.001	0.071
sad	0.032	0.000	0.134	0.002	0.776	0.001	0.055
