prediction	angry	disgust	fear	happy	sad	surprise	neutral
neutral	0.140	0.000	0.096	0.022	0.291	0.008	0.443
neutral	0.175	0.000	0.170	0.004	0.315	0.002	0.334
sad	0.228	0.000	0.144	0.003	0.317	0.002	0.306
sad	0.186	0.000	0.147	0.001	0.513	0.001	0.151
sad	0.144	0.000	0.182	0.002	0.390	0.000	0.282
sad	0.104	0.000	0.154	0.001	0.626	0.000	0.115
sad	0.205	0.000	0.175	0.002	0.371	0.000	0.246
sad	0.164	0.000	0.126	0.001	0.505	0.000	0.202
sad	0.132	0.000	0.100	0.002	0.438	0.000	0.328
sad	0.149	0.000	0.206	0.004	0.437	0.000	0.203
sad	0.126	0.000	0.198	0.007	0.446	0.000	0.222
sad	0.111	0.000	0.240	0.002	0.450	0.001	0.196
neutral	0.261	0.000	0.174	0.002	0.237	0.002	0.325
sad	0.200	0.000	0.160	0.002	0.336	0.001	0.302
neutral	0.190	0.000	0.147	0.002	0.284	0.002	0.375
sad	0.199	0.000	0.156	0.001	0.325	0.001	0.317
neutral	0.288	0.000	0.162	0.002	0.223	0.001	0.325
sad	0.241	0.000	0.184	0.002	0.308	0.002	0.263
sad	0.223	0.000	0.234	0.001	0.282	0.002	0.258
sad	0.164	0.000	0.248	0.001	0.326	0.002	0.258
sad	0.255	0.000	0.179	0.001	0.329	0.002	0.234
sad	0.285	0.000	0.159	0.001	0.336	0.001	0.218
sad	0.258	0.000	0.161	0.001	0.366	0.003	0.210
sad	0.226	0.000	0.164	0.001	0.388	0.001	0.219
sad	0.175	0.000	0.190	0.001	0.346	0.002	0.286
neutral	0.281	0.000	0.135	0.001	0.276	0.001	0.306
sad	0.253	0.000	0.213	0.001	0.302	0.001	0.230
angry	0.349	0.000	0.174	0.001	0.264	0.001	0.211
sad	0.234	0.000	0.187	0.001	0.310	0.002	0.267
angry	0.297	0.000	0.189	0.000	0.264	0.001	0.249
angry	0.338	0.000	0.156	0.001	0.292	0.001	0.212
sad	0.219	0.000	0.138	0.001	0.406	0.001	0.235
sad	0.221	0.000	0.127	0.000	0.451	0.001	0.199
sad	0.220	0.000	0.090	0.001	0.506	0.001	0.182
sad	0.172	0.000	0.125	0.002	0.519	0.000	0.182
sad	0.111	0.000	0.152	0.001	0.608	0.000	0.127
sad	0.130	0.000	0.179	0.001	0.458	0.000	0.230
sad	0.262	0.000	0.083	0.002	0.490	0.000	0.162
neutral	0.194	0.000	0.137	0.003	0.332	0.000	0.333
sad	0.160	0.000	0.164	0.001	0.486	0.000	0.189
sad	0.203	0.000	0.113	0.001	0.449	0.000	0.233
neutral	0.208	0.000	0.194	0.001	0.284	0.001	0.312
sad	0.269	0.000	0.215	0.001	0.322	0.001	0.192
sad	0.256	0.000	0.159	0.001	0.384	0.002	0.198
sad	0.243	0.000	0.194	0.001	0.393	0.001	0.169
sad	0.249	0.000	0.158	0.001	0.404	0.002	0.186
sad	0.159	0.000	0.170	0.001	0.388	0.001	0.281
sad	0.188	0.000	0.130	0.001	0.377	0.002	0.302
sad	0.174	0.000	0.145	0.001	0.375	0.001	0.304
sad	0.199	0.000	0.175	0.000	0.447	0.000	0.179
sad	0.263	0.000	0.170	0.000	0.346	0.001	0.219
sad	0.264	0.000	0.174	0.000	0.358	0.001	0.203
sad	0.275	0.000	0.143	0.001	0.376	0.001	0.203
sad	0.228	0.000	0.174	0.001	0.368	0.001	0.228
sad	0.252	0.000	0.152	0.001	0.329	0.001	0.265
sad	0.243	0.000	0.215	0.000	0.374	0.000	0.167
sad	0.178	0.000	0.150	0.001	0.472	0.000	0.198
sad	0.161	0.000	0.117	0.001	0.500	0.000	0.221
sad	0.199	0.000	0.162	0.001	0.468	0.000	0.169
sad	0.166	0.000	0.175	0.001	0.497	0.000	0.161
sad	0.300	0.000	0.104	0.000	0.460	0.000	0.136
sad	0.226	0.000	0.111	0.000	0.504	0.000	0.158
sad	0.235	0.000	0.125	0.001	0.532	0.000	0.107
sad	0.276	0.000	0.169	0.000	0.415	0.000	0.139
sad	0.217	0.000	0.135	0.000	0.431	0.000	0.215
sad	0.271	0.000	0.140	0.001	0.397	0.001	0.190
sad	0.144	0.000	0.225	0.001	0.369	0.002	0.259
neutral	0.231	0.000	0.133	0.001	0.252	0.001	0.383
angry	0.355	0.000	0.109	0.001	0.242	0.001	0.292
angry	0.463	0.000	0.077	0.001	0.222	0.001	0.236
sad	0.343	0.000	0.124	0.001	0.364	0.001	0.166
angry	0.361	0.000	0.145	0.000	0.306	0.001	0.187
angry	0.387	0.001	0.143	0.001	0.311	0.001	0.156
angry	0.323	0.000	0.138	0.001	0.296	0.001	0.240
angry	0.331	0.000	0.122	0.001	0.262	0.001	0.283
neutral	0.236	0.000	0.131	0.001	0.283	0.001	0.348
neutral	0.209	0.000	0.221	0.001	0.278	0.001	0.291
sad	0.255	0.000	0.160	0.001	0.366	0.001	0.218
angry	0.337	0.000	0.169	0.001	0.302	0.001	0.190
angry	0.359	0.000	0.125	0.001	0.331	0.001	0.183
angry	0.408	0.000	0.117	0.001	0.280	0.001	0.194
sad	0.301	0.000	0.095	0.001	0.352	0.001	0.250
neutral	0.312	0.000	0.110	0.001	0.263	0.001	0.314
sad	0.293	0.000	0.133	0.000	0.325	0.001	0.248
angry	0.447	0.000	0.095	0.001	0.272	0.001	0.184
angry	0.483	0.000	0.079	0.000	0.271	0.001	0.166
sad	0.255	0.000	0.117	0.001	0.389	0.001	0.237
angry	0.458	0.001	0.112	0.001	0.262	0.001	0.165
angry	0.353	0.000	0.134	0.000	0.312	0.001	0.200
sad	0.229	0.000	0.164	0.000	0.468	0.000	0.138
sad	0.241	0.000	0.196	0.000	0.393	0.000	0.169
angry	0.462	0.000	0.115	0.001	0.285	0.001	0.136
angry	0.435	0.001	0.104	0.001	0.263	0.001	0.196
angry	0.419	0.000	0.093	0.000	0.363	0.000	0.123
angry	0.443	0.001	0.133	0.001	0.309	0.001	0.114
angry	0.399	0.000	0.110	0.000	0.345	0.001	0.145
angry	0.462	0.000	0.114	0.000	0.286	0.001	0.136
angry	0.314	0.000	0.125	0.000	0.296	0.001	0.263
angry	0.443	0.000	0.091	0.001	0.261	0.001	0.204
neutral	0.308	0.000	0.110	0.001	0.229	0.001	0.351
angry	0.384	0.000	0.118	0.001	0.355	0.001	0.141
sad	0.206	0.000	0.203	0.000	0.373	0.000	0.217
sad	0.244	0.000	0.171	0.001	0.376	0.001	0.207
sad	0.234	0.000	0.201	0.000	0.420	0.001	0.144
sad	0.240	0.000	0.172	0.001	0.416	0.001	0.171
sad	0.196	0.000	0.190	0.002	0.439	0.002	0.169
sad	0.107	0.000	0.272	0.005	0.354	0.005	0.256
sad	0.081	0.000	0.243	0.008	0.442	0.012	0.215
sad	0.105	0.000	0.173	0.011	0.465	0.008	0.238
sad	0.189	0.001	0.114	0.007	0.497	0.002	0.190
sad	0.114	0.001	0.112	0.021	0.448	0.002	0.303
sad	0.155	0.001	0.118	0.011	0.387	0.002	0.327
sad	0.190	0.000	0.188	0.008	0.391	0.001	0.222
sad	0.166	0.000	0.142	0.002	0.425	0.000	0.264
sad	0.132	0.000	0.201	0.002	0.435	0.000	0.230
sad	0.106	0.000	0.190	0.001	0.521	0.000	0.182
sad	0.098	0.000	0.159	0.001	0.591	0.000	0.151
sad	0.140	0.000	0.093	0.002	0.591	0.000	0.174
sad	0.117	0.000	0.106	0.001	0.604	0.000	0.171
sad	0.096	0.000	0.093	0.001	0.693	0.000	0.117
sad	0.070	0.000	0.118	0.001	0.678	0.000	0.133
sad	0.126	0.000	0.126	0.003	0.558	0.001	0.188
sad	0.073	0.000	0.109	0.001	0.643	0.000	0.173
sad	0.060	0.000	0.128	0.001	0.600	0.000	0.211
sad	0.071	0.000	0.107	0.001	0.646	0.000	0.175
sad	0.107	0.000	0.096	0.001	0.713	0.000	0.082
sad	0.125	0.000	0.134	0.001	0.678	0.000	0.063
sad	0.135	0.000	0.117	0.001	0.674	0.000	0.073
sad	0.126	0.000	0.095	0.001	0.682	0.000	0.096
sad	0.118	0.000	0.115	0.001	0.673	0.000	0.094
sad	0.069	0.000	0.201	0.001	0.520	0.000	0.209
sad	0.061	0.000	0.215	0.001	0.603	0.000	0.120
sad	0.090	0.000	0.075	0.001	0.738	0.000	0.096
sad	0.055	0.000	0.116	0.000	0.763	0.000	0.066
sad	0.121	0.000	0.166	0.000	0.592	0.000	0.121
sad	0.069	0.000	0.117	0.001	0.680	0.000	0.133
sad	0.111	0.000	0.185	0.001	0.600	0.000	0.103
sad	0.137	0.000	0.104	0.001	0.634	0.000	0.124
sad	0.087	0.000	0.094	0.001	0.717	0.000	0.101
sad	0.071	0.000	0.160	0.001	0.499	0.000	0.269
sad	0.094	0.000	0.182	0.001	0.522	0.000	0.201
sad	0.108	0.000	0.193	0.001	0.606	0.000	0.092
sad	0.070	0.000	0.216	0.001	0.522	0.000	0.190
sad	0.082	0.000	0.159	0.000	0.682	0.000	0.077
sad	0.071	0.000	0.201	0.001	0.617	0.000	0.109
sad	0.147	0.000	0.101	0.000	0.667	0.000	0.084
sad	0.113	0.000	0.171	0.001	0.543	0.000	0.171
sad	0.132	0.000	0.156	0.001	0.587	0.000	0.123
sad	0.201	0.000	0.267	0.000	0.442	0.000	0.089
sad	0.181	0.000	0.155	0.001	0.440	0.000	0.223
sad	0.219	0.000	0.160	0.001	0.521	0.000	0.100
sad	0.230	0.000	0.129	0.001	0.484	0.000	0.156
sad	0.100	0.001	0.120	0.002	0.642	0.000	0.135
sad	0.137	0.001	0.106	0.001	0.677	0.000	0.079
sad	0.177	0.000	0.119	0.000	0.512	0.000	0.191
sad	0.279	0.000	0.075	0.000	0.578	0.000	0.068
sad	0.262	0.000	0.120	0.000	0.463	0.000	0.155
sad	0.245	0.000	0.098	0.000	0.562	0.000	0.095
sad	0.230	0.000	0.148	0.000	0.527	0.000	0.095
sad	0.181	0.000	0.111	0.001	0.505	0.000	0.202
sad	0.151	0.000	0.148	0.000	0.541	0.000	0.158
sad	0.153	0.000	0.092	0.000	0.652	0.000	0.103
sad	0.180	0.000	0.091	0.001	0.640	0.000	0.089
sad	0.224	0.000	0.098	0.001	0.569	0.000	0.108
sad	0.140	0.000	0.116	0.000	0.642	0.000	0.102
sad	0.184	0.000	0.137	0.000	0.571	0.000	0.108
sad	0.214	0.000	0.066	0.000	0.644	0.000	0.075
sad	0.148	0.000	0.117	0.000	0.672	0.000	0.062
sad	0.186	0.000	0.111	0.001	0.608	0.000	0.094
sad	0.219	0.000	0.125	0.001	0.526	0.000	0.129
sad	0.275	0.000	0.110	0.001	0.493	0.000	0.121
sad	0.341	0.000	0.107	0.000	0.514	0.000	0.038
sad	0.294	0.000	0.113	0.000	0.538	0.000	0.054
sad	0.372	0.000	0.086	0.000	0.461	0.000	0.081
sad	0.250	0.000	0.094	0.000	0.585	0.000	0.071
sad	0.195	0.000	0.129	0.000	0.629	0.000	0.047
sad	0.192	0.000	0.134	0.000	0.590	0.000	0.084
sad	0.152	0.000	0.140	0.001	0.523	0.000	0.183
sad	0.159	0.000	0.139	0.000	0.642	0.000	0.059
sad	0.125	0.000	0.150	0.000	0.620	0.000	0.104
sad	0.141	0.000	0.115	0.000	0.645	0.000	0.099
sad	0.185	0.000	0.105	0.000	0.653	0.000	0.056
sad	0.128	0.000	0.184	0.000	0.579	0.000	0.109
sad	0.153	0.000	0.144	0.000	0.617	0.000	0.086
sad	0.134	0.000	0.090	0.001	0.643	0.000	0.132
sad	0.103	0.000	0.114	0.001	0.677	0.000	0.105
sad	0.114	0.000	0.097	0.000	0.733	0.000	0.057
sad	0.105	0.000	0.112	0.001	0.664	0.000	0.118
sad	0.098	0.000	0.130	0.000	0.708	0.000	0.063
sad	0.116	0.000	0.092	0.000	0.713	0.000	0.078
sad	0.153	0.000	0.079	0.001	0.651	0.000	0.117
sad	0.078	0.000	0.141	0.000	0.666	0.000	0.115
sad	0.151	0.000	0.098	0.000	0.692	0.000	0.059
sad	0.117	0.000	0.127	0.000	0.661	0.000	0.094
sad	0.110	0.000	0.109	0.000	0.709	0.000	0.072
sad	0.175	0.000	0.088	0.000	0.679	0.000	0.057
sad	0.180	0.000	0.170	0.000	0.595	0.000	0.054
sad	0.240	0.000	0.132	0.000	0.575	0.000	0.052
sad	0.168	0.000	0.155	0.000	0.624	0.000	0.053
sad	0.150	0.001	0.166	0.000	0.638	0.000	0.045
sad	0.137	0.001	0.125	0.000	0.676	0.000	0.061
sad	0.184	0.000	0.117	0.000	0.660	0.000	0.038
sad	0.203	0.000	0.118	0.000	0.609	0.000	0.069
sad	0.168	0.000	0.072	0.000	0.688	0.000	0.072
sad	0.089	0.000	0.118	0.000	0.660	0.000	0.132
sad	0.217	0.000	0.184	0.000	0.551	0.000	0.048
sad	0.218	0.001	0.166	0.000	0.568	0.000	0.047
sad	0.178	0.000	0.235	0.000	0.544	0.000	0.043
sad	0.164	0.000	0.094	0.000	0.690	0.000	0.051
sad	0.123	0.000	0.169	0.000	0.630	0.000	0.078
sad	0.199	0.000	0.123	0.000	0.628	0.000	0.050
sad	0.180	0.000	0.110	0.000	0.642	0.000	0.067
sad	0.052	0.000	0.096	0.000	0.676	0.000	0.175
sad	0.112	0.000	0.150	0.000	0.664	0.000	0.073
sad	0.138	0.001	0.100	0.000	0.701	0.000	0.059
sad	0.089	0.001	0.180	0.000	0.690	0.000	0.040
sad	0.132	0.000	0.112	0.000	0.708	0.000	0.047
sad	0.135	0.000	0.098	0.000	0.726	0.000	0.042
sad	0.107	0.001	0.188	0.000	0.646	0.000	0.058
sad	0.106	0.001	0.122	0.000	0.716	0.000	0.054
sad	0.109	0.000	0.163	0.000	0.677	0.000	0.050
sad	0.131	0.000	0.114	0.000	0.677	0.000	0.078
sad	0.245	0.000	0.089	0.000	0.614	0.000	0.051
sad	0.233	0.000	0.122	0.000	0.573	0.000	0.072
sad	0.215	0.000	0.141	0.000	0.545	0.000	0.099
sad	0.227	0.000	0.140	0.000	0.523	0.000	0.109
sad	0.329	0.000	0.146	0.000	0.472	0.000	0.052
sad	0.269	0.000	0.126	0.000	0.500	0.000	0.104
sad	0.348	0.000	0.168	0.000	0.387	0.000	0.096
sad	0.241	0.000	0.233	0.000	0.398	0.000	0.128
sad	0.210	0.000	0.199	0.000	0.510	0.000	0.081
sad	0.170	0.000	0.131	0.000	0.504	0.000	0.195
sad	0.202	0.000	0.147	0.000	0.452	0.000	0.198
sad	0.135	0.000	0.225	0.000	0.519	0.000	0.120
sad	0.186	0.000	0.185	0.000	0.463	0.000	0.166
sad	0.170	0.000	0.175	0.000	0.458	0.000	0.196
sad	0.178	0.000	0.155	0.000	0.473	0.000	0.193
sad	0.222	0.000	0.192	0.000	0.409	0.000	0.177
sad	0.107	0.000	0.211	0.001	0.409	0.000	0.272
sad	0.177	0.000	0.111	0.000	0.628	0.000	0.085
sad	0.138	0.000	0.130	0.000	0.483	0.000	0.248
sad	0.149	0.000	0.094	0.000	0.592	0.000	0.163
sad	0.151	0.000	0.201	0.000	0.538	0.000	0.109
sad	0.120	0.000	0.140	0.000	0.641	0.000	0.099
sad	0.138	0.000	0.102	0.000	0.621	0.000	0.138
sad	0.149	0.000	0.099	0.000	0.611	0.000	0.141
sad	0.115	0.000	0.102	0.000	0.715	0.000	0.067
sad	0.061	0.000	0.105	0.000	0.752	0.000	0.081
sad	0.119	0.000	0.134	0.000	0.695	0.000	0.052
sad	0.148	0.000	0.116	0.000	0.688	0.000	0.047
sad	0.140	0.000	0.090	0.000	0.710	0.000	0.059
sad	0.114	0.000	0.096	0.000	0.735	0.000	0.055
sad	0.221	0.000	0.127	0.000	0.611	0.000	0.040
sad	0.145	0.000	0.104	0.000	0.680	0.000	0.071
sad	0.138	0.000	0.047	0.000	0.751	0.000	0.064
sad	0.177	0.000	0.084	0.000	0.686	0.000	0.052
sad	0.104	0.000	0.090	0.000	0.729	0.000	0.077
sad	0.234	0.000	0.086	0.000	0.625	0.000	0.054
sad	0.147	0.000	0.116	0.000	0.670	0.000	0.066
sad	0.159	0.000	0.110	0.000	0.654	0.000	0.077
sad	0.107	0.000	0.097	0.000	0.755	0.000	0.041
sad	0.082	0.000	0.125	0.000	0.763	0.000	0.030
sad	0.115	0.000	0.027	0.000	0.821	0.000	0.037
sad	0.109	0.000	0.068	0.000	0.779	0.000	0.043
sad	0.159	0.000	0.102	0.000	0.696	0.000	0.042
sad	0.095	0.000	0.112	0.000	0.764	0.000	0.029
sad	0.097	0.000	0.085	0.000	0.750	0.000	0.067
sad	0.171	0.000	0.060	0.000	0.743	0.000	0.026
sad	0.132	0.000	0.096	0.000	0.729	0.000	0.042
sad	0.169	0.000	0.059	0.000	0.703	0.000	0.068
sad	0.167	0.000	0.094	0.000	0.691	0.000	0.048
sad	0.106	0.000	0.131	0.000	0.660	0.000	0.103
sad	0.100	0.000	0.078	0.000	0.715	0.000	0.107
sad	0.139	0.000	0.102	0.000	0.622	0.000	0.137
sad	0.113	0.000	0.101	0.000	0.585	0.000	0.201
sad	0.093	0.000	0.104	0.000	0.627	0.000	0.176
sad	0.154	0.000	0.046	0.000	0.740	0.000	0.059
sad	0.149	0.000	0.098	0.000	0.642	0.000	0.110
sad	0.155	0.000	0.099	0.000	0.701	0.000	0.046
sad	0.082	0.000	0.091	0.000	0.731	0.000	0.097
sad	0.125	0.000	0.074	0.000	0.757	0.000	0.043
sad	0.087	0.000	0.133	0.000	0.694	0.000	0.086
sad	0.107	0.000	0.114	0.000	0.721	0.000	0.057
sad	0.131	0.000	0.130	0.000	0.686	0.000	0.052
sad	0.119	0.000	0.091	0.000	0.706	0.000	0.083
sad	0.099	0.000	0.223	0.000	0.599	0.000	0.079
sad	0.108	0.000	0.154	0.000	0.679	0.000	0.058
sad	0.099	0.000	0.120	0.000	0.718	0.000	0.062
sad	0.117	0.000	0.116	0.000	0.726	0.000	0.040
sad	0.084	0.000	0.117	0.000	0.753	0.000	0.047
sad	0.105	0.000	0.159	0.000	0.685	0.000	0.051
sad	0.086	0.000	0.076	0.000	0.791	0.000	0.048
sad	0.114	0.000	0.123	0.000	0.697	0.000	0.064
sad	0.145	0.000	0.085	0.000	0.718	0.000	0.051
sad	0.145	0.000	0.109	0.000	0.685	0.000	0.060
sad	0.102	0.000	0.068	0.000	0.786	0.000	0.043
sad	0.145	0.000	0.134	0.000	0.652	0.000	0.068
sad	0.067	0.000	0.106	0.000	0.795	0.000	0.031
sad	0.126	0.000	0.077	0.000	0.759	0.000	0.038
sad	0.097	0.000	0.067	0.000	0.815	0.000	0.020
sad	0.097	0.000	0.155	0.000	0.709	0.000	0.038
sad	0.092	0.000	0.095	0.000	0.761	0.000	0.051
sad	0.115	0.000	0.098	0.000	0.720	0.000	0.066
sad	0.088	0.001	0.064	0.000	0.814	0.000	0.034
sad	0.105	0.000	0.078	0.000	0.776	0.000	0.041
sad	0.065	0.000	0.078	0.000	0.818	0.000	0.038
sad	0.081	0.000	0.074	0.000	0.806	0.000	0.038
sad	0.083	0.000	0.109	0.000	0.784	0.000	0.024
sad	0.083	0.000	0.096	0.000	0.784	0.000	0.036
sad	0.099	0.000	0.147	0.000	0.707	0.000	0.046
sad	0.101	0.000	0.114	0.000	0.743	0.000	0.041
sad	0.136	0.000	0.093	0.000	0.749	0.000	0.021
sad	0.131	0.000	0.054	0.000	0.783	0.000	0.032
sad	0.083	0.000	0.100	0.000	0.778	0.000	0.038
sad	0.098	0.000	0.128	0.000	0.740	0.000	0.034
sad	0.129	0.000	0.097	0.000	0.734	0.000	0.040
sad	0.149	0.000	0.093	0.000	0.735	0.000	0.023
sad	0.095	0.000	0.138	0.000	0.688	0.000	0.079
sad	0.073	0.000	0.112	0.000	0.791	0.000	0.023
sad	0.092	0.000	0.112	0.000	0.747	0.000	0.049
sad	0.130	0.000	0.100	0.000	0.731	0.000	0.039
sad	0.070	0.000	0.091	0.000	0.800	0.000	0.038
sad	0.145	0.000	0.103	0.000	0.722	0.000	0.029
sad	0.071	0.000	0.118	0.000	0.777	0.000	0.033
sad	0.120	0.000	0.077	0.000	0.772	0.000	0.030
sad	0.075	0.000	0.087	0.000	0.791	0.000	0.047
sad	0.091	0.000	0.089	0.000	0.776	0.000	0.044
sad	0.103	0.000	0.044	0.000	0.820	0.000	0.032
sad	0.093	0.000	0.097	0.000	0.794	0.000	0.015
sad	0.120	0.000	0.094	0.000	0.750	0.000	0.037
sad	0.116	0.000	0.094	0.000	0.768	0.000	0.022
sad	0.093	0.000	0.106	0.000	0.745	0.000	0.055
sad	0.129	0.000	0.094	0.000	0.722	0.000	0.055
sad	0.109	0.000	0.136	0.000	0.706	0.000	0.049
sad	0.090	0.000	0.089	0.000	0.795	0.000	0.026
sad	0.126	0.000	0.092	0.000	0.726	0.000	0.055
sad	0.112	0.000	0.108	0.000	0.733	0.000	0.046
sad	0.101	0.000	0.150	0.000	0.681	0.000	0.067
sad	0.108	0.000	0.128	0.000	0.721	0.000	0.043
sad	0.095	0.000	0.111	0.000	0.757	0.000	0.037
sad	0.118	0.000	0.102	0.000	0.724	0.000	0.055
sad	0.117	0.000	0.073	0.000	0.735	0.000	0.075
sad	0.128	0.000	0.105	0.000	0.713	0.000	0.053
sad	0.104	0.000	0.121	0.000	0.718	0.000	0.056
sad	0.141	0.000	0.109	0.000	0.687	0.000	0.062
sad	0.182	0.000	0.136	0.000	0.638	0.000	0.044
sad	0.141	0.000	0.082	0.000	0.751	0.000	0.026
sad	0.102	0.000	0.102	0.000	0.757	0.000	0.039
sad	0.102	0.000	0.214	0.000	0.529	0.000	0.155
sad	0.075	0.000	0.080	0.000	0.810	0.000	0.034
sad	0.116	0.000	0.072	0.000	0.769	0.000	0.043
sad	0.105	0.000	0.083	0.000	0.730	0.000	0.082
sad	0.070	0.000	0.115	0.001	0.729	0.000	0.086
sad	0.107	0.000	0.075	0.000	0.754	0.000	0.064
sad	0.069	0.000	0.075	0.000	0.805	0.000	0.051
sad	0.133	0.000	0.077	0.000	0.752	0.000	0.038
sad	0.087	0.000	0.090	0.000	0.793	0.000	0.030
sad	0.106	0.000	0.104	0.000	0.743	0.000	0.047
sad	0.065	0.000	0.106	0.000	0.800	0.000	0.028
sad	0.073	0.000	0.111	0.000	0.707	0.000	0.108
sad	0.081	0.000	0.119	0.000	0.741	0.000	0.059
sad	0.128	0.000	0.147	0.000	0.639	0.000	0.086
sad	0.095	0.000	0.117	0.000	0.715	0.000	0.073
sad	0.088	0.000	0.106	0.000	0.740	0.000	0.065
sad	0.072	0.000	0.089	0.000	0.815	0.000	0.024
sad	0.076	0.000	0.069	0.000	0.812	0.000	0.042
sad	0.077	0.000	0.093	0.000	0.810	0.000	0.020
sad	0.068	0.000	0.066	0.000	0.822	0.000	0.043
sad	0.068	0.000	0.108	0.000	0.787	0.000	0.037
sad	0.068	0.000	0.092	0.000	0.796	0.000	0.044
sad	0.099	0.000	0.132	0.000	0.724	0.000	0.045
sad	0.099	0.000	0.080	0.000	0.782	0.000	0.038
sad	0.087	0.000	0.053	0.000	0.829	0.000	0.030
sad	0.111	0.000	0.072	0.000	0.761	0.000	0.055
sad	0.102	0.000	0.070	0.000	0.784	0.000	0.044
sad	0.101	0.000	0.092	0.000	0.759	0.000	0.047
sad	0.069	0.000	0.097	0.000	0.806	0.000	0.027
sad	0.084	0.000	0.081	0.000	0.808	0.000	0.026
sad	0.146	0.000	0.126	0.000	0.653	0.000	0.075
sad	0.094	0.000	0.071	0.000	0.794	0.000	0.041
sad	0.109	0.001	0.173	0.001	0.676	0.000	0.040
sad	0.074	0.001	0.061	0.001	0.807	0.000	0.056
sad	0.140	0.000	0.143	0.000	0.615	0.000	0.101
sad	0.133	0.000	0.188	0.001	0.585	0.000	0.093
sad	0.128	0.000	0.084	0.000	0.735	0.000	0.052
sad	0.168	0.000	0.114	0.000	0.668	0.000	0.050
sad	0.218	0.000	0.164	0.000	0.534	0.000	0.083
sad	0.172	0.000	0.239	0.000	0.488	0.000	0.101
sad	0.190	0.000	0.205	0.000	0.509	0.000	0.095
sad	0.162	0.000	0.121	0.000	0.659	0.000	0.058
sad	0.198	0.000	0.178	0.000	0.539	0.000	0.084
sad	0.146	0.000	0.132	0.000	0.622	0.000	0.099
sad	0.157	0.000	0.055	0.000	0.757	0.000	0.031
sad	0.178	0.000	0.240	0.000	0.507	0.000	0.075
sad	0.158	0.000	0.313	0.000	0.478	0.000	0.050
sad	0.143	0.000	0.221	0.000	0.570	0.000	0.066
sad	0.174	0.000	0.144	0.000	0.561	0.000	0.120
sad	0.154	0.000	0.064	0.000	0.722	0.000	0.060
sad	0.126	0.000	0.087	0.000	0.688	0.000	0.099
sad	0.131	0.000	0.127	0.000	0.657	0.000	0.084
sad	0.138	0.000	0.092	0.000	0.707	0.000	0.063
sad	0.088	0.000	0.155	0.000	0.677	0.000	0.079
sad	0.117	0.000	0.133	0.000	0.690	0.000	0.059
sad	0.165	0.000	0.078	0.000	0.703	0.000	0.054
sad	0.092	0.000	0.058	0.000	0.774	0.000	0.076
sad	0.090	0.000	0.065	0.000	0.785	0.000	0.059
sad	0.139	0.000	0.082	0.000	0.684	0.000	0.094
sad	0.167	0.000	0.167	0.000	0.576	0.000	0.089
sad	0.090	0.000	0.116	0.000	0.760	0.000	0.033
sad	0.178	0.000	0.142	0.000	0.496	0.000	0.184
sad	0.202	0.000	0.126	0.000	0.471	0.000	0.201
sad	0.141	0.000	0.089	0.000	0.654	0.000	0.115
sad	0.222	0.000	0.227	0.000	0.423	0.000	0.128
sad	0.233	0.000	0.193	0.001	0.420	0.000	0.152
sad	0.216	0.000	0.134	0.000	0.477	0.000	0.172
sad	0.207	0.000	0.217	0.001	0.430	0.000	0.145
sad	0.197	0.000	0.159	0.000	0.456	0.000	0.188
sad	0.187	0.000	0.149	0.001	0.537	0.000	0.126
sad	0.179	0.000	0.157	0.000	0.508	0.000	0.156
sad	0.205	0.000	0.106	0.000	0.554	0.000	0.135
sad	0.174	0.000	0.191	0.000	0.494	0.000	0.140
sad	0.231	0.000	0.104	0.000	0.572	0.000	0.093
sad	0.170	0.000	0.120	0.000	0.613	0.000	0.097
sad	0.189	0.000	0.142	0.000	0.518	0.000	0.151
sad	0.178	0.000	0.112	0.000	0.656	0.000	0.054
sad	0.185	0.000	0.126	0.000	0.637	0.000	0.051
sad	0.215	0.000	0.162	0.000	0.578	0.000	0.045
sad	0.171	0.000	0.084	0.000	0.686	0.000	0.059
sad	0.146	0.000	0.095	0.000	0.692	0.000	0.067
sad	0.194	0.000	0.146	0.000	0.627	0.000	0.033
sad	0.143	0.000	0.083	0.000	0.721	0.000	0.053
sad	0.138	0.000	0.124	0.000	0.712	0.000	0.026
sad	0.098	0.000	0.093	0.000	0.752	0.000	0.056
sad	0.190	0.000	0.096	0.000	0.649	0.000	0.065
sad	0.169	0.000	0.105	0.000	0.647	0.000	0.079
sad	0.093	0.000	0.155	0.000	0.722	0.000	0.030
sad	0.160	0.000	0.154	0.000	0.580	0.000	0.105
sad	0.099	0.000	0.104	0.000	0.742	0.000	0.055
sad	0.220	0.000	0.150	0.000	0.505	0.000	0.125
sad	0.157	0.000	0.109	0.000	0.654	0.000	0.079
sad	0.121	0.000	0.127	0.000	0.683	0.000	0.068
sad	0.118	0.000	0.091	0.000	0.677	0.000	0.114
sad	0.129	0.000	0.120	0.000	0.686	0.000	0.065
sad	0.119	0.000	0.050	0.001	0.561	0.000	0.269
sad	0.205	0.000	0.100	0.000	0.503	0.000	0.192
sad	0.149	0.000	0.099	0.000	0.658	0.000	0.093
sad	0.147	0.000	0.088	0.000	0.696	0.000	0.069
sad	0.154	0.000	0.080	0.001	0.624	0.000	0.141
sad	0.159	0.000	0.091	0.001	0.591	0.000	0.157
sad	0.159	0.000	0.099	0.000	0.660	0.000	0.081
sad	0.163	0.000	0.096	0.001	0.571	0.000	0.169
sad	0.164	0.000	0.109	0.000	0.572	0.000	0.154
sad	0.184	0.000	0.084	0.000	0.632	0.000	0.099
sad	0.255	0.000	0.117	0.000	0.481	0.000	0.146
sad	0.194	0.000	0.092	0.000	0.586	0.000	0.127
sad	0.204	0.000	0.096	0.000	0.548	0.000	0.152
sad	0.142	0.000	0.100	0.000	0.676	0.000	0.083
sad	0.130	0.000	0.092	0.001	0.623	0.000	0.155
sad	0.178	0.000	0.065	0.000	0.601	0.000	0.155
sad	0.188	0.000	0.066	0.000	0.681	0.000	0.065
sad	0.192	0.000	0.081	0.000	0.647	0.000	0.080
sad	0.153	0.000	0.076	0.000	0.689	0.000	0.082
sad	0.111	0.000	0.084	0.000	0.717	0.000	0.087
sad	0.235	0.000	0.136	0.000	0.539	0.000	0.090
sad	0.158	0.000	0.098	0.001	0.592	0.000	0.151
sad	0.186	0.000	0.112	0.000	0.545	0.000	0.156
sad	0.160	0.000	0.111	0.000	0.605	0.000	0.124
sad	0.142	0.000	0.083	0.000	0.646	0.000	0.128
sad	0.154	0.000	0.063	0.000	0.666	0.000	0.117
sad	0.199	0.000	0.166	0.001	0.528	0.000	0.107
sad	0.197	0.000	0.201	0.000	0.524	0.000	0.078
sad	0.192	0.000	0.225	0.000	0.504	0.000	0.078
sad	0.204	0.000	0.118	0.000	0.611	0.000	0.067
sad	0.143	0.000	0.140	0.000	0.602	0.000	0.114
sad	0.194	0.000	0.170	0.000	0.552	0.000	0.085
sad	0.156	0.000	0.091	0.000	0.654	0.000	0.098
sad	0.080	0.000	0.058	0.000	0.798	0.000	0.064
sad	0.084	0.000	0.058	0.000	0.805	0.000	0.052
sad	0.177	0.000	0.130	0.000	0.594	0.000	0.099
sad	0.140	0.000	0.061	0.000	0.708	0.000	0.090
sad	0.237	0.000	0.053	0.000	0.532	0.000	0.177
sad	0.113	0.000	0.117	0.002	0.465	0.000	0.303
sad	0.255	0.001	0.110	0.004	0.464	0.000	0.167
sad	0.142	0.002	0.150	0.027	0.512	0.000	0.167
sad	0.067	0.000	0.185	0.005	0.556	0.000	0.186
neutral	0.073	0.000	0.156	0.005	0.366	0.001	0.398
sad	0.225	0.000	0.179	0.032	0.283	0.003	0.278
neutral	0.047	0.000	0.203	0.004	0.264	0.003	0.479
neutral	0.087	0.000	0.286	0.001	0.201	0.005	0.420
sad	0.130	0.000	0.046	0.035	0.406	0.004	0.379
sad	0.125	0.000	0.054	0.014	0.452	0.004	0.350
sad	0.138	0.000	0.047	0.005	0.503	0.002	0.306
sad	0.126	0.000	0.070	0.002	0.572	0.001	0.230
sad	0.128	0.000	0.078	0.001	0.606	0.000	0.186
sad	0.176	0.000	0.109	0.001	0.535	0.001	0.179
sad	0.178	0.000	0.092	0.002	0.455	0.001	0.271
sad	0.160	0.000	0.084	0.001	0.512	0.000	0.243
sad	0.260	0.000	0.063	0.001	0.554	0.000	0.122
sad	0.166	0.000	0.072	0.001	0.637	0.000	0.123
sad	0.155	0.000	0.084	0.001	0.520	0.000	0.239
sad	0.219	0.000	0.064	0.001	0.460	0.000	0.256
sad	0.238	0.000	0.096	0.002	0.383	0.001	0.280
sad	0.241	0.000	0.061	0.001	0.545	0.000	0.151
sad	0.227	0.000	0.115	0.002	0.337	0.001	0.318
sad	0.243	0.000	0.049	0.000	0.562	0.000	0.146
sad	0.153	0.000	0.103	0.001	0.577	0.000	0.165
sad	0.265	0.000	0.094	0.001	0.484	0.000	0.156
sad	0.198	0.000	0.055	0.001	0.662	0.000	0.083
sad	0.192	0.000	0.064	0.001	0.618	0.000	0.125
sad	0.122	0.000	0.049	0.001	0.723	0.000	0.105
sad	0.114	0.000	0.056	0.001	0.764	0.000	0.065
sad	0.280	0.000	0.110	0.001	0.474	0.000	0.135
sad	0.333	0.000	0.054	0.000	0.498	0.000	0.114
sad	0.199	0.000	0.061	0.000	0.636	0.000	0.103
sad	0.255	0.000	0.091	0.001	0.527	0.000	0.125
sad	0.234	0.000	0.077	0.001	0.554	0.000	0.134
sad	0.245	0.000	0.092	0.001	0.551	0.000	0.111
sad	0.255	0.000	0.134	0.001	0.433	0.000	0.176
sad	0.231	0.000	0.088	0.001	0.497	0.000	0.183
sad	0.189	0.000	0.078	0.001	0.503	0.000	0.229
sad	0.255	0.000	0.095	0.001	0.482	0.000	0.166
sad	0.244	0.000	0.108	0.001	0.471	0.000	0.176
sad	0.127	0.000	0.055	0.001	0.680	0.000	0.137
sad	0.188	0.000	0.121	0.000	0.600	0.000	0.091
sad	0.207	0.000	0.104	0.000	0.603	0.000	0.085
sad	0.179	0.000	0.059	0.000	0.684	0.000	0.077
sad	0.211	0.000	0.127	0.001	0.543	0.000	0.118
sad	0.207	0.000	0.099	0.000	0.568	0.000	0.125
sad	0.251	0.000	0.066	0.000	0.532	0.000	0.151
sad	0.099	0.000	0.104	0.000	0.769	0.000	0.028
sad	0.174	0.000	0.064	0.001	0.671	0.000	0.090
sad	0.165	0.000	0.075	0.001	0.672	0.000	0.087
sad	0.117	0.000	0.084	0.000	0.729	0.000	0.069
sad	0.146	0.000	0.111	0.000	0.686	0.000	0.057
sad	0.137	0.000	0.079	0.000	0.745	0.000	0.039
sad	0.166	0.000	0.113	0.000	0.662	0.000	0.058
sad	0.239	0.000	0.090	0.000	0.601	0.000	0.070
sad	0.137	0.000	0.091	0.000	0.726	0.000	0.045
sad	0.093	0.000	0.065	0.000	0.809	0.000	0.033
sad	0.131	0.000	0.091	0.000	0.738	0.000	0.040
sad	0.132	0.000	0.063	0.000	0.762	0.000	0.042
sad	0.102	0.000	0.078	0.000	0.773	0.000	0.047
sad	0.161	0.000	0.073	0.000	0.690	0.000	0.075
sad	0.111	0.000	0.080	0.000	0.746	0.000	0.062
sad	0.123	0.000	0.129	0.000	0.717	0.000	0.031
sad	0.282	0.000	0.062	0.001	0.551	0.000	0.105
sad	0.359	0.000	0.080	0.000	0.454	0.000	0.107
sad	0.240	0.000	0.109	0.000	0.552	0.000	0.098
sad	0.326	0.000	0.053	0.000	0.549	0.000	0.072
sad	0.213	0.000	0.079	0.000	0.595	0.000	0.112
sad	0.196	0.000	0.089	0.000	0.526	0.000	0.188
sad	0.271	0.000	0.092	0.000	0.531	0.000	0.106
sad	0.181	0.000	0.095	0.000	0.553	0.000	0.171
sad	0.344	0.000	0.093	0.000	0.462	0.000	0.099
sad	0.371	0.000	0.056	0.000	0.464	0.000	0.108
sad	0.249	0.000	0.116	0.000	0.559	0.000	0.076
sad	0.205	0.000	0.100	0.000	0.581	0.000	0.113
sad	0.248	0.000	0.085	0.000	0.552	0.000	0.115
sad	0.311	0.000	0.066	0.000	0.515	0.000	0.108
sad	0.194	0.000	0.127	0.001	0.594	0.000	0.083
sad	0.335	0.000	0.075	0.000	0.484	0.000	0.106
sad	0.217	0.000	0.093	0.000	0.616	0.000	0.073
sad	0.247	0.000	0.115	0.000	0.561	0.000	0.077
sad	0.320	0.000	0.094	0.000	0.498	0.000	0.087
sad	0.201	0.000	0.080	0.000	0.664	0.000	0.055
sad	0.265	0.000	0.125	0.000	0.534	0.000	0.075
sad	0.343	0.000	0.076	0.000	0.458	0.000	0.122
sad	0.296	0.000	0.074	0.000	0.538	0.000	0.092
sad	0.229	0.000	0.128	0.000	0.583	0.000	0.060
sad	0.258	0.000	0.090	0.000	0.579	0.000	0.073
sad	0.305	0.000	0.109	0.000	0.442	0.000	0.143
sad	0.215	0.000	0.122	0.000	0.599	0.000	0.063
sad	0.250	0.000	0.105	0.001	0.455	0.000	0.188
sad	0.372	0.000	0.072	0.001	0.376	0.000	0.179
sad	0.339	0.000	0.062	0.001	0.455	0.000	0.143
sad	0.283	0.000	0.117	0.001	0.455	0.000	0.143
sad	0.305	0.000	0.093	0.001	0.450	0.000	0.152
sad	0.278	0.000	0.079	0.000	0.573	0.000	0.070
sad	0.267	0.000	0.101	0.001	0.456	0.000	0.176
sad	0.330	0.000	0.127	0.001	0.379	0.000	0.162
sad	0.339	0.000	0.050	0.001	0.439	0.000	0.171
angry	0.406	0.000	0.084	0.001	0.386	0.000	0.124
sad	0.347	0.000	0.081	0.000	0.474	0.000	0.097
sad	0.155	0.000	0.104	0.000	0.681	0.000	0.060
sad	0.112	0.000	0.122	0.000	0.695	0.000	0.070
sad	0.150	0.000	0.104	0.000	0.696	0.000	0.050
sad	0.187	0.000	0.095	0.001	0.610	0.000	0.107
sad	0.207	0.000	0.075	0.000	0.632	0.000	0.086
sad	0.228	0.000	0.103	0.001	0.446	0.000	0.222
sad	0.273	0.000	0.074	0.000	0.511	0.000	0.142
sad	0.216	0.000	0.140	0.001	0.524	0.000	0.119
sad	0.250	0.000	0.080	0.000	0.574	0.000	0.094
sad	0.214	0.000	0.103	0.001	0.532	0.000	0.149
sad	0.231	0.000	0.096	0.000	0.520	0.000	0.152
sad	0.271	0.000	0.079	0.000	0.552	0.000	0.098
sad	0.267	0.000	0.103	0.000	0.440	0.000	0.189
sad	0.244	0.000	0.079	0.000	0.556	0.000	0.120
sad	0.368	0.000	0.070	0.001	0.448	0.000	0.113
sad	0.269	0.000	0.083	0.000	0.481	0.000	0.166
sad	0.329	0.000	0.075	0.001	0.418	0.000	0.177
sad	0.308	0.000	0.082	0.000	0.473	0.000	0.136
sad	0.332	0.000	0.080	0.000	0.524	0.000	0.063
sad	0.269	0.000	0.124	0.001	0.405	0.000	0.201
sad	0.355	0.000	0.074	0.000	0.500	0.000	0.070
sad	0.231	0.000	0.127	0.000	0.505	0.000	0.137
sad	0.265	0.000	0.114	0.000	0.543	0.000	0.078
sad	0.191	0.000	0.086	0.000	0.636	0.000	0.087
sad	0.157	0.000	0.106	0.000	0.661	0.000	0.075
sad	0.172	0.000	0.117	0.000	0.644	0.000	0.065
sad	0.149	0.000	0.125	0.000	0.655	0.000	0.071
sad	0.166	0.000	0.117	0.000	0.679	0.000	0.037
sad	0.159	0.000	0.092	0.000	0.714	0.000	0.035
sad	0.130	0.000	0.133	0.000	0.692	0.000	0.044
sad	0.148	0.000	0.104	0.000	0.706	0.000	0.041
sad	0.163	0.000	0.118	0.000	0.668	0.000	0.051
sad	0.170	0.000	0.151	0.000	0.618	0.000	0.061
sad	0.158	0.000	0.109	0.000	0.677	0.000	0.055
sad	0.211	0.000	0.114	0.000	0.610	0.000	0.064
sad	0.204	0.000	0.114	0.000	0.624	0.000	0.057
sad	0.201	0.000	0.110	0.001	0.633	0.000	0.056
sad	0.150	0.000	0.097	0.000	0.693	0.000	0.060
sad	0.139	0.000	0.144	0.000	0.648	0.000	0.069
sad	0.209	0.000	0.103	0.000	0.591	0.000	0.096
sad	0.161	0.000	0.142	0.001	0.645	0.000	0.051
sad	0.140	0.000	0.100	0.000	0.712	0.000	0.048
sad	0.109	0.000	0.089	0.000	0.751	0.000	0.050
sad	0.113	0.000	0.107	0.000	0.730	0.000	0.050
sad	0.138	0.000	0.114	0.000	0.683	0.000	0.064
sad	0.262	0.000	0.092	0.000	0.510	0.000	0.136
sad	0.159	0.000	0.084	0.000	0.703	0.000	0.054
sad	0.257	0.000	0.082	0.000	0.612	0.000	0.050
sad	0.308	0.000	0.058	0.000	0.565	0.000	0.069
sad	0.273	0.000	0.099	0.000	0.536	0.000	0.092
sad	0.221	0.000	0.083	0.000	0.606	0.000	0.089
sad	0.314	0.000	0.069	0.000	0.493	0.000	0.124
sad	0.279	0.000	0.071	0.000	0.577	0.000	0.072
sad	0.252	0.000	0.131	0.000	0.503	0.000	0.113
sad	0.316	0.000	0.072	0.000	0.533	0.000	0.079
sad	0.378	0.000	0.112	0.000	0.434	0.000	0.075
sad	0.280	0.000	0.083	0.000	0.582	0.000	0.055
sad	0.264	0.001	0.103	0.000	0.549	0.000	0.083
sad	0.320	0.000	0.132	0.000	0.471	0.000	0.076
sad	0.324	0.000	0.096	0.000	0.477	0.000	0.103
sad	0.308	0.000	0.111	0.000	0.454	0.000	0.127
sad	0.397	0.000	0.098	0.000	0.425	0.000	0.078
sad	0.219	0.000	0.109	0.000	0.500	0.000	0.172
sad	0.274	0.000	0.100	0.000	0.546	0.000	0.079
sad	0.188	0.000	0.105	0.000	0.653	0.000	0.054
sad	0.194	0.000	0.127	0.000	0.552	0.000	0.126
sad	0.239	0.000	0.135	0.000	0.554	0.000	0.072
sad	0.237	0.000	0.108	0.001	0.574	0.000	0.080
sad	0.254	0.000	0.081	0.000	0.601	0.000	0.063
sad	0.237	0.000	0.091	0.000	0.565	0.000	0.107
sad	0.246	0.000	0.089	0.000	0.518	0.000	0.146
angry	0.413	0.000	0.119	0.000	0.392	0.000	0.075
angry	0.438	0.000	0.073	0.000	0.399	0.000	0.090
sad	0.381	0.000	0.083	0.000	0.444	0.000	0.091
sad	0.176	0.000	0.105	0.000	0.648	0.000	0.070
sad	0.111	0.000	0.055	0.001	0.801	0.000	0.032
sad	0.069	0.001	0.041	0.003	0.824	0.000	0.062
sad	0.098	0.004	0.062	0.013	0.721	0.000	0.102
sad	0.077	0.001	0.151	0.023	0.647	0.000	0.101
sad	0.086	0.000	0.204	0.002	0.488	0.000	0.220
sad	0.033	0.000	0.381	0.001	0.481	0.002	0.103
neutral	0.073	0.000	0.187	0.002	0.312	0.004	0.422
neutral	0.072	0.000	0.186	0.012	0.235	0.029	0.465
fear	0.067	0.000	0.447	0.016	0.230	0.015	0.225
neutral	0.028	0.000	0.152	0.012	0.170	0.006	0.632
neutral	0.070	0.000	0.123	0.004	0.284	0.002	0.516
neutral	0.040	0.000	0.081	0.045	0.256	0.002	0.576
sad	0.057	0.001	0.093	0.053	0.540	0.003	0.252
neutral	0.116	0.001	0.051	0.048	0.379	0.002	0.404
neutral	0.088	0.001	0.051	0.043	0.253	0.002	0.562
sad	0.131	0.000	0.102	0.011	0.432	0.001	0.321
sad	0.230	0.000	0.139	0.004	0.405	0.000	0.222
sad	0.208	0.000	0.200	0.003	0.429	0.000	0.160
angry	0.377	0.000	0.126	0.001	0.356	0.000	0.139
sad	0.249	0.000	0.140	0.001	0.528	0.000	0.081
sad	0.185	0.000	0.143	0.002	0.496	0.000	0.173
sad	0.261	0.002	0.111	0.004	0.416	0.000	0.207
sad	0.297	0.000	0.078	0.001	0.505	0.000	0.118
sad	0.304	0.000	0.060	0.001	0.533	0.000	0.103
sad	0.347	0.000	0.101	0.001	0.430	0.000	0.121
sad	0.295	0.000	0.088	0.001	0.528	0.000	0.088
sad	0.255	0.000	0.167	0.001	0.442	0.000	0.135
sad	0.236	0.000	0.124	0.002	0.504	0.000	0.134
sad	0.315	0.000	0.093	0.001	0.464	0.000	0.127
sad	0.238	0.000	0.082	0.001	0.535	0.000	0.143
sad	0.207	0.000	0.199	0.002	0.500	0.000	0.093
sad	0.162	0.000	0.194	0.003	0.539	0.000	0.102
sad	0.213	0.000	0.225	0.004	0.404	0.000	0.154
sad	0.134	0.000	0.144	0.007	0.507	0.000	0.208
sad	0.186	0.000	0.179	0.002	0.535	0.000	0.098
sad	0.138	0.000	0.275	0.003	0.483	0.000	0.102
sad	0.248	0.000	0.178	0.003	0.450	0.000	0.121
sad	0.186	0.000	0.265	0.002	0.441	0.000	0.106
sad	0.220	0.000	0.272	0.002	0.418	0.000	0.088
sad	0.212	0.000	0.211	0.002	0.458	0.000	0.117
sad	0.227	0.000	0.272	0.002	0.409	0.000	0.089
sad	0.162	0.000	0.150	0.003	0.586	0.000	0.098
sad	0.145	0.000	0.213	0.003	0.532	0.000	0.107
sad	0.179	0.000	0.102	0.002	0.578	0.000	0.139
sad	0.125	0.000	0.116	0.001	0.653	0.000	0.105
sad	0.173	0.000	0.140	0.001	0.557	0.000	0.129
sad	0.256	0.000	0.188	0.001	0.465	0.000	0.089
sad	0.185	0.000	0.140	0.001	0.586	0.000	0.088
sad	0.232	0.000	0.128	0.001	0.549	0.000	0.090
sad	0.272	0.000	0.154	0.000	0.534	0.000	0.038
sad	0.136	0.000	0.143	0.001	0.660	0.000	0.060
sad	0.208	0.000	0.118	0.001	0.575	0.000	0.098
sad	0.164	0.000	0.161	0.002	0.519	0.000	0.155
sad	0.212	0.000	0.167	0.001	0.443	0.000	0.175
sad	0.211	0.000	0.114	0.001	0.598	0.000	0.076
sad	0.141	0.000	0.172	0.000	0.627	0.000	0.059
sad	0.137	0.000	0.133	0.000	0.678	0.000	0.052
sad	0.145	0.000	0.091	0.000	0.702	0.000	0.061
sad	0.152	0.000	0.134	0.001	0.568	0.000	0.144
sad	0.076	0.000	0.302	0.001	0.538	0.000	0.082
sad	0.140	0.000	0.224	0.002	0.504	0.000	0.130
sad	0.147	0.000	0.123	0.001	0.639	0.000	0.090
sad	0.150	0.000	0.113	0.001	0.653	0.000	0.083
sad	0.174	0.000	0.092	0.001	0.614	0.000	0.119
sad	0.141	0.000	0.157	0.001	0.633	0.000	0.069
sad	0.166	0.000	0.149	0.001	0.617	0.000	0.066
sad	0.127	0.000	0.142	0.002	0.626	0.000	0.103
sad	0.156	0.000	0.063	0.001	0.671	0.000	0.109
sad	0.188	0.000	0.207	0.001	0.560	0.000	0.044
sad	0.232	0.000	0.116	0.000	0.604	0.000	0.048
sad	0.139	0.000	0.181	0.000	0.630	0.000	0.049
sad	0.258	0.000	0.079	0.000	0.586	0.000	0.076
sad	0.238	0.000	0.132	0.000	0.563	0.000	0.066
sad	0.165	0.000	0.115	0.001	0.593	0.000	0.126
sad	0.218	0.000	0.149	0.000	0.582	0.000	0.050
sad	0.185	0.000	0.138	0.001	0.540	0.000	0.135
sad	0.281	0.000	0.139	0.001	0.479	0.000	0.100
sad	0.235	0.000	0.134	0.001	0.503	0.000	0.127
sad	0.163	0.000	0.169	0.001	0.522	0.000	0.144
sad	0.124	0.001	0.229	0.002	0.535	0.000	0.109
sad	0.135	0.001	0.173	0.002	0.555	0.000	0.134
sad	0.243	0.000	0.098	0.001	0.586	0.000	0.072
sad	0.220	0.000	0.133	0.001	0.497	0.000	0.149
sad	0.206	0.000	0.135	0.001	0.479	0.000	0.179
sad	0.183	0.000	0.111	0.001	0.610	0.000	0.096
sad	0.158	0.000	0.154	0.001	0.606	0.000	0.081
sad	0.196	0.000	0.095	0.001	0.595	0.000	0.113
sad	0.167	0.001	0.156	0.001	0.590	0.000	0.085
sad	0.286	0.000	0.078	0.000	0.542	0.000	0.094
sad	0.284	0.000	0.074	0.001	0.443	0.000	0.198
sad	0.391	0.000	0.073	0.000	0.469	0.000	0.066
sad	0.180	0.000	0.057	0.001	0.586	0.000	0.175
sad	0.331	0.000	0.070	0.000	0.490	0.000	0.107
sad	0.247	0.000	0.097	0.000	0.578	0.000	0.077
sad	0.243	0.000	0.116	0.001	0.524	0.000	0.116
sad	0.192	0.001	0.123	0.001	0.577	0.000	0.105
sad	0.188	0.000	0.215	0.001	0.497	0.000	0.099
sad	0.298	0.000	0.144	0.001	0.459	0.000	0.098
sad	0.192	0.000	0.233	0.001	0.491	0.000	0.082
sad	0.244	0.000	0.102	0.000	0.567	0.000	0.086
sad	0.176	0.000	0.208	0.002	0.512	0.000	0.102
sad	0.189	0.000	0.130	0.001	0.573	0.000	0.107
sad	0.230	0.000	0.163	0.001	0.478	0.000	0.128
sad	0.181	0.000	0.189	0.001	0.529	0.000	0.100
sad	0.186	0.000	0.123	0.002	0.561	0.000	0.128
sad	0.189	0.000	0.088	0.001	0.625	0.000	0.097
sad	0.152	0.000	0.184	0.001	0.581	0.000	0.083
sad	0.239	0.000	0.099	0.000	0.600	0.000	0.061
sad	0.125	0.000	0.198	0.001	0.585	0.000	0.090
sad	0.237	0.000	0.145	0.001	0.543	0.000	0.074
sad	0.147	0.000	0.199	0.001	0.575	0.000	0.079
sad	0.189	0.000	0.133	0.001	0.570	0.000	0.107
sad	0.156	0.000	0.129	0.001	0.582	0.000	0.131
sad	0.243	0.000	0.092	0.000	0.609	0.000	0.055
sad	0.197	0.000	0.193	0.002	0.511	0.000	0.097
sad	0.157	0.000	0.198	0.002	0.548	0.000	0.095
sad	0.153	0.000	0.257	0.002	0.499	0.000	0.089
sad	0.142	0.000	0.223	0.002	0.496	0.000	0.137
sad	0.124	0.000	0.194	0.001	0.588	0.000	0.092
sad	0.182	0.000	0.141	0.001	0.568	0.000	0.108
sad	0.129	0.000	0.202	0.001	0.582	0.000	0.085
sad	0.189	0.000	0.214	0.001	0.499	0.000	0.097
sad	0.193	0.000	0.106	0.001	0.545	0.000	0.154
sad	0.163	0.000	0.195	0.001	0.523	0.000	0.118
sad	0.139	0.000	0.142	0.001	0.590	0.000	0.127
sad	0.197	0.000	0.172	0.001	0.563	0.000	0.067
sad	0.178	0.000	0.143	0.002	0.592	0.000	0.086
sad	0.151	0.000	0.198	0.001	0.565	0.000	0.084
sad	0.158	0.000	0.206	0.002	0.544	0.000	0.089
sad	0.185	0.000	0.201	0.001	0.515	0.000	0.098
sad	0.157	0.000	0.136	0.001	0.597	0.000	0.108
sad	0.176	0.000	0.165	0.001	0.576	0.000	0.081
sad	0.117	0.000	0.172	0.001	0.607	0.000	0.103
sad	0.159	0.000	0.214	0.001	0.541	0.000	0.085
sad	0.173	0.000	0.164	0.001	0.558	0.000	0.104
sad	0.139	0.000	0.195	0.001	0.589	0.000	0.076
sad	0.178	0.000	0.150	0.001	0.557	0.000	0.113
sad	0.178	0.000	0.157	0.001	0.564	0.000	0.100
sad	0.308	0.000	0.099	0.000	0.496	0.000	0.096
sad	0.412	0.000	0.058	0.000	0.491	0.000	0.038
sad	0.420	0.000	0.046	0.000	0.493	0.000	0.041
sad	0.156	0.001	0.147	0.001	0.594	0.000	0.101
sad	0.233	0.000	0.107	0.000	0.604	0.000	0.055
sad	0.336	0.000	0.088	0.000	0.525	0.000	0.050
sad	0.280	0.000	0.047	0.000	0.625	0.000	0.048
sad	0.290	0.000	0.074	0.000	0.578	0.000	0.057
sad	0.215	0.000	0.111	0.001	0.445	0.000	0.227
sad	0.243	0.000	0.132	0.000	0.534	0.000	0.090
sad	0.232	0.000	0.093	0.001	0.535	0.000	0.140
sad	0.132	0.000	0.209	0.001	0.521	0.000	0.137
sad	0.235	0.000	0.108	0.000	0.592	0.000	0.065
sad	0.117	0.000	0.204	0.001	0.538	0.000	0.139
sad	0.181	0.000	0.163	0.001	0.550	0.000	0.104
sad	0.138	0.000	0.167	0.001	0.543	0.000	0.150
sad	0.168	0.000	0.147	0.002	0.550	0.000	0.133
sad	0.350	0.000	0.134	0.001	0.423	0.000	0.092
sad	0.268	0.000	0.104	0.001	0.541	0.000	0.087
sad	0.242	0.000	0.085	0.000	0.629	0.000	0.044
sad	0.206	0.000	0.102	0.000	0.643	0.000	0.048
sad	0.321	0.000	0.076	0.000	0.546	0.000	0.057
sad	0.217	0.000	0.119	0.000	0.561	0.000	0.102
sad	0.252	0.000	0.079	0.000	0.537	0.000	0.131
sad	0.385	0.000	0.072	0.000	0.477	0.000	0.066
sad	0.268	0.000	0.078	0.000	0.537	0.000	0.117
sad	0.129	0.000	0.119	0.001	0.477	0.000	0.273
sad	0.247	0.000	0.074	0.001	0.533	0.000	0.145
sad	0.127	0.001	0.080	0.000	0.677	0.000	0.115
sad	0.193	0.001	0.110	0.001	0.568	0.000	0.128
sad	0.217	0.000	0.104	0.000	0.585	0.000	0.094
sad	0.312	0.000	0.083	0.000	0.517	0.000	0.088
sad	0.311	0.000	0.073	0.001	0.496	0.000	0.119
sad	0.252	0.000	0.085	0.000	0.570	0.000	0.093
sad	0.232	0.000	0.089	0.000	0.593	0.000	0.086
sad	0.247	0.000	0.189	0.001	0.429	0.000	0.134
sad	0.231	0.000	0.188	0.001	0.421	0.000	0.159
sad	0.242	0.000	0.163	0.001	0.457	0.000	0.137
sad	0.300	0.000	0.111	0.000	0.462	0.000	0.126
sad	0.317	0.000	0.092	0.000	0.464	0.000	0.126
sad	0.189	0.000	0.230	0.002	0.338	0.000	0.241
neutral	0.157	0.000	0.170	0.008	0.307	0.003	0.355
sad	0.135	0.000	0.206	0.022	0.447	0.004	0.186
sad	0.198	0.000	0.104	0.079	0.398	0.006	0.215
sad	0.154	0.000	0.094	0.057	0.393	0.004	0.298
sad	0.216	0.000	0.053	0.052	0.447	0.002	0.230
sad	0.152	0.000	0.048	0.020	0.653	0.003	0.125
sad	0.082	0.000	0.040	0.009	0.775	0.001	0.093
sad	0.106	0.000	0.031	0.008	0.765	0.001	0.089
sad	0.104	0.000	0.062	0.013	0.667	0.002	0.151
sad	0.098	0.000	0.041	0.015	0.702	0.001	0.143
sad	0.163	0.000	0.023	0.025	0.553	0.001	0.235
sad	0.180	0.000	0.029	0.032	0.603	0.002	0.153
sad	0.170	0.000	0.035	0.047	0.575	0.003	0.170
sad	0.211	0.000	0.030	0.065	0.534	0.003	0.158
sad	0.203	0.000	0.038	0.094	0.565	0.004	0.096
sad	0.157	0.000	0.022	0.052	0.628	0.003	0.138
sad	0.135	0.000	0.057	0.099	0.481	0.005	0.222
sad	0.104	0.000	0.115	0.219	0.332	0.007	0.222
sad	0.165	0.000	0.170	0.071	0.397	0.002	0.194
sad	0.173	0.000	0.120	0.057	0.450	0.003	0.197
sad	0.170	0.000	0.086	0.066	0.508	0.003	0.166
sad	0.210	0.000	0.067	0.014	0.499	0.001	0.208
sad	0.140	0.000	0.070	0.007	0.589	0.001	0.193
sad	0.074	0.000	0.157	0.004	0.591	0.001	0.173
sad	0.092	0.000	0.074	0.012	0.634	0.001	0.186
sad	0.109	0.000	0.074	0.020	0.604	0.001	0.192
sad	0.092	0.000	0.048	0.020	0.686	0.001	0.153
