prediction	angry	disgust	fear	happy	sad	surprise	neutral
neutral	0.046	0.000	0.013	0.150	0.083	0.005	0.703
sad	0.116	0.000	0.082	0.020	0.627	0.004	0.150
happy	0.143	0.000	0.052	0.311	0.194	0.001	0.299
angry	0.461	0.000	0.017	0.006	0.119	0.001	0.396
neutral	0.092	0.000	0.004	0.049	0.148	0.000	0.707
neutral	0.211	0.000	0.008	0.055	0.231	0.001	0.495
angry	0.320	0.000	0.092	0.095	0.295	0.018	0.179
neutral	0.237	0.000	0.006	0.055	0.276	0.001	0.425
neutral	0.245	0.000	0.012	0.030	0.336	0.001	0.376
neutral	0.189	0.000	0.010	0.020	0.354	0.001	0.426
neutral	0.163	0.000	0.009	0.064	0.254	0.001	0.509
neutral	0.074	0.000	0.014	0.156	0.218	0.003	0.536
sad	0.220	0.000	0.020	0.071	0.385	0.002	0.303
sad	0.196	0.000	0.076	0.135	0.322	0.008	0.263
angry	0.346	0.000	0.035	0.052	0.264	0.002	0.302
sad	0.262	0.000	0.041	0.036	0.349	0.004	0.308
sad	0.145	0.001	0.123	0.054	0.466	0.055	0.156
neutral	0.207	0.000	0.062	0.045	0.339	0.003	0.344
sad	0.174	0.000	0.054	0.023	0.543	0.004	0.203
sad	0.196	0.000	0.054	0.029	0.408	0.002	0.311
neutral	0.159	0.000	0.040	0.074	0.265	0.003	0.459
sad	0.170	0.000	0.033	0.053	0.400	0.003	0.340
neutral	0.218	0.000	0.029	0.089	0.287	0.002	0.375
happy	0.129	0.000	0.016	0.363	0.161	0.001	0.329
neutral	0.125	0.000	0.013	0.250	0.146	0.002	0.464
neutral	0.134	0.000	0.015	0.258	0.162	0.001	0.429
sad	0.224	0.001	0.115	0.019	0.498	0.021	0.121
neutral	0.253	0.000	0.014	0.109	0.267	0.001	0.356
neutral	0.253	0.000	0.014	0.078	0.268	0.001	0.386
neutral	0.258	0.000	0.018	0.093	0.285	0.001	0.345
neutral	0.077	0.000	0.006	0.125	0.123	0.000	0.669
neutral	0.185	0.000	0.012	0.073	0.195	0.000	0.534
sad	0.221	0.000	0.120	0.032	0.408	0.017	0.202
neutral	0.127	0.000	0.010	0.040	0.185	0.001	0.637
neutral	0.209	0.000	0.027	0.066	0.324	0.002	0.371
neutral	0.203	0.000	0.032	0.071	0.264	0.004	0.427
neutral	0.229	0.000	0.047	0.151	0.270	0.004	0.300
sad	0.328	0.001	0.087	0.099	0.336	0.014	0.135
neutral	0.158	0.000	0.022	0.139	0.199	0.002	0.480
sad	0.203	0.000	0.156	0.032	0.489	0.030	0.090
neutral	0.139	0.000	0.014	0.070	0.140	0.002	0.635
neutral	0.133	0.000	0.158	0.075	0.275	0.062	0.297
neutral	0.104	0.000	0.026	0.111	0.318	0.001	0.440
sad	0.145	0.000	0.109	0.128	0.256	0.136	0.226
sad	0.142	0.000	0.152	0.013	0.532	0.012	0.148
angry	0.661	0.000	0.185	0.000	0.105	0.010	0.039
sad	0.232	0.000	0.108	0.009	0.507	0.007	0.137
sad	0.132	0.000	0.096	0.082	0.494	0.077	0.118
angry	0.574	0.000	0.227	0.000	0.091	0.055	0.052
sad	0.128	0.000	0.158	0.113	0.385	0.075	0.141
sad	0.275	0.000	0.175	0.074	0.377	0.014	0.084
fear	0.214	0.002	0.269	0.126	0.196	0.147	0.047
sad	0.122	0.000	0.104	0.273	0.337	0.027	0.137
fear	0.329	0.001	0.383	0.023	0.096	0.122	0.047
angry	0.424	0.001	0.288	0.019	0.151	0.074	0.043
angry	0.521	0.002	0.159	0.021	0.167	0.079	0.051
angry	0.543	0.001	0.154	0.034	0.210	0.023	0.035
neutral	0.275	0.000	0.025	0.031	0.165	0.001	0.504
neutral	0.222	0.000	0.020	0.060	0.086	0.001	0.610
neutral	0.174	0.000	0.010	0.060	0.116	0.002	0.638
neutral	0.107	0.000	0.012	0.166	0.086	0.002	0.625
neutral	0.116	0.000	0.013	0.231	0.156	0.001	0.483
neutral	0.079	0.000	0.010	0.189	0.090	0.001	0.631
sad	0.194	0.000	0.060	0.056	0.448	0.008	0.234
neutral	0.132	0.000	0.011	0.185	0.134	0.001	0.537
neutral	0.226	0.000	0.019	0.123	0.155	0.001	0.475
neutral	0.112	0.000	0.012	0.379	0.093	0.001	0.403
happy	0.195	0.000	0.039	0.451	0.096	0.007	0.211
angry	0.311	0.001	0.063	0.170	0.152	0.011	0.293
neutral	0.338	0.000	0.026	0.017	0.242	0.003	0.374
neutral	0.331	0.000	0.011	0.026	0.197	0.001	0.434
neutral	0.039	0.000	0.003	0.430	0.033	0.000	0.495
happy	0.002	0.000	0.000	0.964	0.001	0.000	0.033
happy	0.001	0.000	0.000	0.975	0.000	0.000	0.024
happy	0.001	0.000	0.000	0.984	0.000	0.000	0.014
happy	0.000	0.000	0.000	0.997	0.000	0.000	0.002
happy	0.000	0.000	0.000	0.995	0.000	0.000	0.004
happy	0.001	0.000	0.000	0.996	0.000	0.000	0.003
happy	0.001	0.000	0.000	0.995	0.000	0.000	0.004
happy	0.000	0.000	0.000	0.998	0.000	0.000	0.002
happy	0.000	0.000	0.000	0.998	0.000	0.000	0.002
happy	0.000	0.000	0.000	0.997	0.000	0.000	0.002
happy	0.000	0.000	0.000	0.997	0.000	0.000	0.002
happy	0.000	0.000	0.000	0.998	0.000	0.000	0.001
happy	0.000	0.000	0.000	0.998	0.000	0.000	0.002
happy	0.001	0.000	0.000	0.991	0.000	0.000	0.007
happy	0.000	0.000	0.000	0.997	0.000	0.000	0.003
happy	0.001	0.000	0.000	0.990	0.001	0.000	0.008
happy	0.037	0.000	0.004	0.823	0.013	0.001	0.122
happy	0.013	0.000	0.002	0.732	0.012	0.000	0.241
happy	0.068	0.000	0.008	0.665	0.029	0.001	0.230
happy	0.048	0.000	0.006	0.542	0.030	0.000	0.374
neutral	0.107	0.000	0.012	0.286	0.087	0.001	0.508
sad	0.094	0.000	0.061	0.041	0.562	0.005	0.238
neutral	0.220	0.000	0.025	0.097	0.099	0.002	0.556
sad	0.175	0.000	0.125	0.045	0.464	0.012	0.178
neutral	0.132	0.000	0.022	0.079	0.132	0.003	0.632
sad	0.163	0.000	0.067	0.021	0.457	0.005	0.286
neutral	0.164	0.000	0.021	0.058	0.168	0.002	0.588
neutral	0.146	0.000	0.032	0.113	0.164	0.005	0.539
happy	0.010	0.000	0.001	0.851	0.004	0.000	0.134
sad	0.257	0.000	0.101	0.072	0.380	0.017	0.172
sad	0.275	0.000	0.067	0.095	0.468	0.004	0.091
happy	0.001	0.000	0.000	0.970	0.000	0.000	0.028
happy	0.002	0.000	0.000	0.976	0.001	0.000	0.021
happy	0.002	0.000	0.000	0.966	0.001	0.000	0.030
happy	0.000	0.000	0.000	0.997	0.000	0.000	0.003
happy	0.000	0.000	0.000	0.992	0.000	0.000	0.007
happy	0.000	0.000	0.000	0.989	0.000	0.000	0.011
happy	0.001	0.000	0.000	0.981	0.000	0.000	0.018
happy	0.001	0.000	0.000	0.987	0.000	0.000	0.012
happy	0.001	0.000	0.000	0.991	0.000	0.000	0.008
happy	0.001	0.000	0.000	0.975	0.001	0.000	0.022
happy	0.003	0.000	0.001	0.940	0.002	0.000	0.053
happy	0.002	0.000	0.001	0.956	0.001	0.000	0.041
happy	0.003	0.000	0.000	0.956	0.001	0.000	0.040
happy	0.013	0.000	0.003	0.842	0.007	0.000	0.134
happy	0.022	0.000	0.005	0.794	0.013	0.001	0.166
happy	0.008	0.000	0.001	0.894	0.003	0.000	0.094
happy	0.011	0.000	0.003	0.879	0.004	0.001	0.102
happy	0.004	0.000	0.000	0.960	0.001	0.000	0.035
happy	0.027	0.000	0.007	0.623	0.020	0.001	0.321
happy	0.010	0.000	0.007	0.926	0.010	0.003	0.044
angry	0.479	0.003	0.064	0.050	0.352	0.009	0.044
happy	0.030	0.000	0.015	0.808	0.041	0.004	0.102
angry	0.582	0.009	0.047	0.023	0.298	0.011	0.029
happy	0.012	0.000	0.009	0.885	0.026	0.003	0.065
happy	0.018	0.000	0.008	0.899	0.018	0.001	0.055
happy	0.049	0.000	0.055	0.426	0.168	0.051	0.252
happy	0.023	0.000	0.017	0.720	0.064	0.004	0.171
happy	0.016	0.000	0.009	0.804	0.048	0.002	0.122
happy	0.023	0.000	0.011	0.693	0.063	0.003	0.207
happy	0.029	0.000	0.014	0.579	0.066	0.003	0.309
happy	0.034	0.000	0.016	0.722	0.059	0.010	0.159
happy	0.026	0.000	0.011	0.634	0.078	0.003	0.249
happy	0.012	0.000	0.008	0.856	0.019	0.006	0.098
happy	0.032	0.000	0.015	0.618	0.079	0.005	0.252
happy	0.020	0.000	0.014	0.758	0.029	0.004	0.174
happy	0.012	0.000	0.008	0.819	0.025	0.002	0.133
happy	0.046	0.000	0.013	0.705	0.029	0.004	0.203
happy	0.054	0.000	0.016	0.449	0.065	0.001	0.414
neutral	0.144	0.000	0.157	0.024	0.299	0.059	0.317
neutral	0.310	0.000	0.037	0.162	0.094	0.001	0.395
sad	0.140	0.001	0.192	0.011	0.449	0.046	0.162
neutral	0.045	0.000	0.017	0.231	0.077	0.001	0.629
neutral	0.111	0.000	0.140	0.063	0.192	0.061	0.433
neutral	0.160	0.000	0.029	0.043	0.159	0.001	0.609
sad	0.164	0.003	0.243	0.015	0.362	0.079	0.134
neutral	0.171	0.000	0.027	0.027	0.151	0.001	0.624
neutral	0.202	0.000	0.232	0.017	0.209	0.044	0.297
neutral	0.099	0.000	0.035	0.016	0.135	0.000	0.714
neutral	0.103	0.001	0.135	0.085	0.146	0.047	0.482
neutral	0.065	0.000	0.012	0.012	0.146	0.000	0.764
neutral	0.167	0.001	0.161	0.086	0.247	0.050	0.289
neutral	0.074	0.000	0.029	0.022	0.147	0.001	0.728
neutral	0.135	0.001	0.117	0.129	0.144	0.042	0.432
neutral	0.091	0.000	0.022	0.021	0.187	0.001	0.678
neutral	0.130	0.000	0.015	0.077	0.160	0.001	0.616
neutral	0.178	0.000	0.013	0.041	0.203	0.001	0.564
neutral	0.146	0.000	0.007	0.052	0.128	0.000	0.666
neutral	0.137	0.000	0.006	0.141	0.086	0.000	0.629
neutral	0.092	0.000	0.006	0.056	0.128	0.000	0.719
neutral	0.191	0.000	0.009	0.046	0.114	0.001	0.640
neutral	0.216	0.000	0.008	0.045	0.081	0.001	0.650
neutral	0.210	0.000	0.006	0.014	0.051	0.001	0.720
neutral	0.164	0.000	0.008	0.101	0.053	0.001	0.673
neutral	0.278	0.000	0.009	0.083	0.057	0.001	0.571
neutral	0.224	0.000	0.009	0.065	0.072	0.001	0.629
neutral	0.207	0.000	0.005	0.070	0.071	0.000	0.646
neutral	0.124	0.000	0.005	0.026	0.045	0.000	0.799
neutral	0.182	0.000	0.010	0.009	0.177	0.000	0.622
neutral	0.249	0.000	0.013	0.013	0.136	0.001	0.588
neutral	0.267	0.000	0.008	0.008	0.132	0.001	0.585
neutral	0.209	0.000	0.012	0.009	0.122	0.001	0.647
neutral	0.255	0.000	0.006	0.006	0.092	0.000	0.641
neutral	0.349	0.000	0.010	0.012	0.096	0.001	0.532
neutral	0.267	0.000	0.007	0.051	0.078	0.001	0.595
neutral	0.154	0.000	0.005	0.087	0.052	0.001	0.701
neutral	0.107	0.000	0.004	0.150	0.061	0.000	0.678
neutral	0.154	0.000	0.006	0.093	0.084	0.000	0.663
neutral	0.132	0.000	0.004	0.234	0.056	0.001	0.573
neutral	0.170	0.000	0.004	0.112	0.076	0.000	0.637
neutral	0.137	0.000	0.007	0.144	0.062	0.001	0.648
neutral	0.115	0.000	0.005	0.145	0.046	0.001	0.689
neutral	0.172	0.000	0.005	0.109	0.052	0.001	0.661
neutral	0.118	0.000	0.006	0.129	0.045	0.001	0.700
neutral	0.122	0.000	0.007	0.240	0.049	0.001	0.582
neutral	0.082	0.000	0.004	0.196	0.046	0.000	0.672
neutral	0.088	0.000	0.006	0.238	0.052	0.000	0.616
neutral	0.069	0.000	0.004	0.181	0.033	0.001	0.712
neutral	0.079	0.000	0.007	0.127	0.048	0.001	0.737
happy	0.047	0.000	0.097	0.384	0.109	0.012	0.351
neutral	0.078	0.000	0.016	0.077	0.075	0.001	0.753
neutral	0.040	0.000	0.010	0.115	0.059	0.001	0.775
neutral	0.098	0.000	0.013	0.084	0.058	0.001	0.745
neutral	0.079	0.000	0.018	0.065	0.078	0.000	0.760
neutral	0.035	0.000	0.008	0.050	0.047	0.000	0.859
neutral	0.048	0.000	0.008	0.060	0.045	0.001	0.838
neutral	0.074	0.000	0.022	0.100	0.070	0.001	0.731
neutral	0.051	0.000	0.021	0.039	0.074	0.001	0.813
neutral	0.030	0.000	0.008	0.041	0.041	0.000	0.880
neutral	0.044	0.000	0.032	0.010	0.117	0.001	0.795
neutral	0.038	0.000	0.013	0.016	0.074	0.001	0.858
neutral	0.022	0.000	0.009	0.032	0.040	0.000	0.896
neutral	0.049	0.000	0.008	0.040	0.055	0.000	0.848
neutral	0.088	0.000	0.019	0.091	0.082	0.001	0.718
neutral	0.072	0.000	0.010	0.181	0.086	0.001	0.650
neutral	0.031	0.000	0.003	0.376	0.036	0.001	0.553
happy	0.036	0.000	0.010	0.455	0.047	0.002	0.449
neutral	0.078	0.000	0.011	0.242	0.061	0.002	0.606
neutral	0.052	0.000	0.009	0.214	0.079	0.002	0.644
neutral	0.188	0.000	0.015	0.053	0.122	0.002	0.621
neutral	0.232	0.000	0.019	0.064	0.168	0.003	0.514
neutral	0.184	0.000	0.014	0.044	0.242	0.002	0.514
angry	0.393	0.000	0.022	0.030	0.208	0.002	0.346
neutral	0.285	0.000	0.018	0.057	0.178	0.002	0.460
neutral	0.167	0.000	0.019	0.081	0.146	0.002	0.586
angry	0.395	0.000	0.024	0.021	0.232	0.003	0.325
neutral	0.299	0.000	0.014	0.055	0.230	0.003	0.398
angry	0.468	0.000	0.018	0.078	0.189	0.004	0.243
angry	0.838	0.000	0.012	0.004	0.115	0.000	0.031
neutral	0.127	0.000	0.037	0.107	0.127	0.023	0.580
neutral	0.127	0.000	0.037	0.107	0.127	0.023	0.580
happy	0.138	0.000	0.051	0.400	0.293	0.002	0.116
happy	0.075	0.000	0.027	0.542	0.237	0.004	0.115
neutral	0.168	0.000	0.026	0.302	0.069	0.010	0.425
neutral	0.061	0.000	0.029	0.022	0.110	0.071	0.707
sad	0.210	0.000	0.120	0.127	0.325	0.037	0.181
sad	0.094	0.000	0.122	0.026	0.705	0.009	0.042
sad	0.356	0.000	0.075	0.033	0.456	0.048	0.031
angry	0.492	0.000	0.037	0.014	0.371	0.004	0.082
angry	0.716	0.004	0.041	0.012	0.212	0.005	0.009
angry	0.810	0.000	0.041	0.013	0.105	0.003	0.027
sad	0.370	0.000	0.044	0.019	0.507	0.001	0.058
neutral	0.045	0.000	0.013	0.144	0.106	0.002	0.689
sad	0.126	0.000	0.085	0.027	0.616	0.014	0.131
neutral	0.021	0.000	0.003	0.350	0.065	0.001	0.558
neutral	0.025	0.000	0.004	0.363	0.084	0.000	0.524
neutral	0.068	0.000	0.010	0.388	0.038	0.002	0.494
neutral	0.089	0.000	0.023	0.297	0.076	0.002	0.512
neutral	0.062	0.000	0.012	0.248	0.082	0.002	0.594
neutral	0.038	0.000	0.007	0.329	0.051	0.004	0.570
neutral	0.042	0.000	0.003	0.430	0.037	0.001	0.487
angry	0.477	0.000	0.003	0.094	0.117	0.001	0.307
neutral	0.226	0.000	0.007	0.094	0.155	0.002	0.516
neutral	0.266	0.000	0.007	0.196	0.136	0.000	0.394
neutral	0.358	0.000	0.010	0.083	0.160	0.001	0.388
neutral	0.201	0.000	0.008	0.200	0.109	0.001	0.480
neutral	0.227	0.000	0.007	0.119	0.157	0.000	0.491
neutral	0.253	0.000	0.005	0.078	0.159	0.001	0.504
neutral	0.236	0.000	0.009	0.102	0.115	0.001	0.537
neutral	0.194	0.000	0.008	0.115	0.150	0.001	0.531
neutral	0.163	0.000	0.006	0.032	0.202	0.000	0.598
neutral	0.095	0.000	0.004	0.271	0.123	0.001	0.505
neutral	0.118	0.000	0.009	0.297	0.178	0.001	0.398
neutral	0.261	0.000	0.008	0.061	0.190	0.001	0.480
neutral	0.308	0.000	0.011	0.032	0.174	0.002	0.473
neutral	0.120	0.000	0.009	0.043	0.137	0.000	0.692
neutral	0.187	0.000	0.007	0.043	0.138	0.000	0.624
neutral	0.323	0.000	0.015	0.007	0.195	0.001	0.460
neutral	0.123	0.000	0.013	0.061	0.141	0.001	0.660
neutral	0.070	0.000	0.010	0.221	0.088	0.001	0.609
neutral	0.122	0.000	0.007	0.053	0.123	0.001	0.694
neutral	0.150	0.000	0.009	0.078	0.117	0.001	0.645
neutral	0.156	0.000	0.009	0.134	0.136	0.002	0.563
neutral	0.068	0.000	0.008	0.132	0.102	0.002	0.687
neutral	0.068	0.000	0.010	0.090	0.112	0.001	0.720
neutral	0.127	0.000	0.007	0.096	0.129	0.001	0.640
neutral	0.092	0.000	0.006	0.067	0.098	0.001	0.737
neutral	0.105	0.000	0.008	0.072	0.141	0.001	0.674
neutral	0.079	0.000	0.007	0.047	0.143	0.001	0.723
neutral	0.101	0.000	0.009	0.162	0.144	0.002	0.583
neutral	0.086	0.000	0.012	0.083	0.103	0.001	0.716
neutral	0.087	0.000	0.010	0.081	0.110	0.002	0.709
neutral	0.104	0.000	0.011	0.035	0.152	0.001	0.697
neutral	0.094	0.000	0.007	0.035	0.103	0.001	0.760
neutral	0.114	0.000	0.008	0.139	0.134	0.002	0.603
neutral	0.081	0.000	0.010	0.069	0.131	0.001	0.709
neutral	0.080	0.000	0.009	0.065	0.116	0.001	0.730
neutral	0.113	0.000	0.012	0.022	0.151	0.001	0.701
neutral	0.092	0.000	0.010	0.044	0.131	0.001	0.722
neutral	0.104	0.000	0.012	0.035	0.151	0.001	0.698
neutral	0.106	0.000	0.010	0.066	0.120	0.002	0.696
neutral	0.103	0.000	0.009	0.045	0.120	0.001	0.720
neutral	0.105	0.000	0.010	0.026	0.168	0.001	0.690
neutral	0.140	0.000	0.013	0.049	0.212	0.002	0.586
neutral	0.073	0.000	0.009	0.084	0.118	0.001	0.714
neutral	0.118	0.000	0.011	0.072	0.180	0.001	0.618
neutral	0.098	0.000	0.009	0.081	0.112	0.001	0.698
neutral	0.099	0.000	0.007	0.040	0.180	0.000	0.674
neutral	0.115	0.000	0.013	0.074	0.126	0.001	0.671
neutral	0.082	0.000	0.009	0.033	0.113	0.000	0.764
neutral	0.090	0.000	0.008	0.020	0.133	0.000	0.748
neutral	0.097	0.000	0.008	0.047	0.108	0.001	0.739
neutral	0.098	0.000	0.011	0.029	0.133	0.001	0.728
neutral	0.136	0.000	0.021	0.045	0.181	0.002	0.616
neutral	0.078	0.000	0.010	0.034	0.108	0.000	0.770
neutral	0.115	0.000	0.011	0.044	0.152	0.001	0.677
neutral	0.133	0.000	0.013	0.038	0.228	0.001	0.586
neutral	0.091	0.000	0.013	0.109	0.123	0.002	0.662
neutral	0.125	0.000	0.010	0.031	0.179	0.001	0.654
neutral	0.067	0.000	0.011	0.038	0.112	0.001	0.770
neutral	0.081	0.000	0.010	0.032	0.127	0.000	0.750
neutral	0.106	0.000	0.009	0.036	0.127	0.001	0.721
neutral	0.110	0.000	0.013	0.019	0.180	0.001	0.677
neutral	0.095	0.000	0.012	0.030	0.157	0.001	0.706
neutral	0.120	0.000	0.010	0.045	0.158	0.001	0.666
neutral	0.108	0.000	0.010	0.036	0.195	0.001	0.650
neutral	0.156	0.000	0.013	0.073	0.173	0.001	0.584
neutral	0.099	0.000	0.007	0.030	0.128	0.001	0.735
neutral	0.114	0.000	0.009	0.072	0.113	0.002	0.690
neutral	0.175	0.000	0.011	0.038	0.202	0.001	0.572
neutral	0.101	0.000	0.013	0.043	0.164	0.001	0.678
neutral	0.100	0.000	0.012	0.048	0.139	0.001	0.699
neutral	0.067	0.000	0.010	0.074	0.093	0.001	0.757
neutral	0.168	0.000	0.013	0.023	0.208	0.000	0.588
neutral	0.131	0.000	0.014	0.036	0.175	0.001	0.642
neutral	0.116	0.000	0.010	0.035	0.174	0.001	0.664
neutral	0.114	0.000	0.010	0.023	0.159	0.001	0.692
neutral	0.144	0.000	0.014	0.041	0.186	0.001	0.614
neutral	0.161	0.000	0.014	0.027	0.189	0.001	0.610
neutral	0.156	0.000	0.017	0.034	0.167	0.001	0.625
neutral	0.104	0.000	0.012	0.054	0.118	0.001	0.711
neutral	0.153	0.000	0.016	0.046	0.127	0.001	0.656
neutral	0.112	0.000	0.009	0.063	0.142	0.001	0.673
neutral	0.149	0.000	0.015	0.057	0.146	0.001	0.632
neutral	0.092	0.000	0.012	0.101	0.122	0.001	0.672
neutral	0.135	0.000	0.011	0.047	0.167	0.001	0.639
neutral	0.135	0.000	0.012	0.033	0.151	0.001	0.668
neutral	0.090	0.000	0.012	0.009	0.139	0.000	0.748
neutral	0.062	0.000	0.012	0.006	0.133	0.001	0.785
neutral	0.159	0.000	0.013	0.014	0.150	0.001	0.663
neutral	0.080	0.000	0.009	0.005	0.110	0.000	0.794
neutral	0.118	0.000	0.017	0.008	0.134	0.001	0.722
neutral	0.122	0.000	0.017	0.007	0.148	0.001	0.705
neutral	0.133	0.000	0.014	0.005	0.176	0.001	0.670
neutral	0.083	0.000	0.016	0.005	0.106	0.001	0.790
sad	0.068	0.000	0.045	0.047	0.591	0.010	0.238
neutral	0.146	0.000	0.017	0.006	0.161	0.001	0.671
neutral	0.178	0.000	0.020	0.008	0.136	0.001	0.656
neutral	0.193	0.000	0.018	0.005	0.168	0.001	0.615
neutral	0.092	0.000	0.023	0.005	0.147	0.001	0.732
neutral	0.159	0.000	0.024	0.008	0.134	0.001	0.673
neutral	0.148	0.000	0.017	0.015	0.159	0.003	0.659
neutral	0.306	0.000	0.036	0.008	0.230	0.006	0.414
neutral	0.299	0.000	0.024	0.007	0.231	0.003	0.436
neutral	0.262	0.000	0.022	0.028	0.196	0.004	0.489
sad	0.209	0.000	0.056	0.085	0.437	0.009	0.204
neutral	0.293	0.000	0.030	0.045	0.141	0.010	0.481
neutral	0.119	0.000	0.013	0.017	0.097	0.001	0.754
neutral	0.171	0.000	0.020	0.025	0.112	0.002	0.670
neutral	0.098	0.000	0.014	0.062	0.219	0.001	0.606
neutral	0.246	0.002	0.067	0.018	0.333	0.001	0.333
neutral	0.141	0.000	0.033	0.209	0.135	0.008	0.475
neutral	0.233	0.000	0.091	0.057	0.243	0.016	0.360
neutral	0.131	0.003	0.155	0.018	0.263	0.013	0.419
neutral	0.118	0.002	0.089	0.042	0.161	0.008	0.579
neutral	0.213	0.005	0.062	0.024	0.124	0.023	0.549
neutral	0.224	0.003	0.088	0.032	0.196	0.008	0.449
happy	0.105	0.002	0.036	0.493	0.051	0.010	0.303
neutral	0.140	0.000	0.050	0.349	0.046	0.015	0.399
happy	0.063	0.000	0.028	0.590	0.034	0.011	0.274
happy	0.047	0.000	0.029	0.682	0.027	0.007	0.208
happy	0.167	0.000	0.064	0.405	0.059	0.020	0.285
happy	0.034	0.000	0.046	0.615	0.035	0.011	0.259
happy	0.048	0.000	0.016	0.617	0.035	0.004	0.280
happy	0.249	0.000	0.148	0.360	0.171	0.014	0.058
happy	0.011	0.000	0.006	0.915	0.006	0.002	0.060
happy	0.005	0.000	0.002	0.944	0.003	0.001	0.045
happy	0.000	0.000	0.000	0.991	0.000	0.000	0.008
happy	0.000	0.000	0.000	0.996	0.000	0.000	0.003
happy	0.002	0.000	0.000	0.967	0.002	0.000	0.029
happy	0.000	0.000	0.000	0.993	0.000	0.000	0.006
happy	0.000	0.000	0.000	0.993	0.000	0.000	0.006
happy	0.001	0.000	0.000	0.991	0.000	0.000	0.008
happy	0.000	0.000	0.000	0.995	0.000	0.000	0.004
happy	0.004	0.000	0.001	0.966	0.002	0.001	0.026
happy	0.000	0.000	0.000	0.997	0.000	0.000	0.003
happy	0.001	0.000	0.000	0.989	0.000	0.000	0.010
happy	0.000	0.000	0.000	0.995	0.000	0.000	0.005
happy	0.000	0.000	0.000	0.996	0.000	0.000	0.003
happy	0.000	0.000	0.000	0.995	0.000	0.000	0.005
happy	0.000	0.000	0.000	0.998	0.000	0.000	0.002
happy	0.000	0.000	0.000	0.992	0.000	0.000	0.007
happy	0.001	0.000	0.000	0.992	0.000	0.000	0.007
happy	0.001	0.000	0.000	0.983	0.001	0.000	0.014
happy	0.001	0.000	0.000	0.974	0.002	0.000	0.023
happy	0.003	0.000	0.001	0.945	0.005	0.000	0.046
happy	0.008	0.000	0.001	0.894	0.005	0.000	0.091
happy	0.027	0.000	0.010	0.668	0.045	0.001	0.248
neutral	0.084	0.000	0.017	0.217	0.079	0.001	0.601
neutral	0.064	0.000	0.026	0.271	0.098	0.003	0.538
neutral	0.052	0.000	0.018	0.375	0.066	0.003	0.485
neutral	0.053	0.000	0.019	0.361	0.057	0.002	0.508
neutral	0.080	0.001	0.012	0.331	0.088	0.001	0.487
neutral	0.231	0.001	0.020	0.056	0.160	0.004	0.527
neutral	0.306	0.001	0.022	0.011	0.141	0.003	0.516
neutral	0.249	0.000	0.026	0.037	0.138	0.004	0.546
neutral	0.245	0.000	0.027	0.109	0.119	0.005	0.495
neutral	0.217	0.002	0.055	0.078	0.125	0.006	0.517
neutral	0.108	0.001	0.032	0.062	0.211	0.002	0.583
neutral	0.081	0.001	0.012	0.331	0.090	0.001	0.483
neutral	0.057	0.001	0.011	0.348	0.042	0.002	0.540
neutral	0.084	0.000	0.045	0.229	0.138	0.003	0.500
happy	0.046	0.000	0.011	0.626	0.050	0.005	0.261
neutral	0.071	0.000	0.014	0.360	0.089	0.002	0.464
neutral	0.150	0.001	0.120	0.107	0.122	0.006	0.495
neutral	0.187	0.001	0.041	0.194	0.063	0.006	0.509
happy	0.037	0.000	0.018	0.804	0.036	0.014	0.090
happy	0.011	0.000	0.004	0.934	0.010	0.001	0.040
happy	0.021	0.000	0.005	0.832	0.013	0.001	0.127
happy	0.033	0.000	0.009	0.789	0.018	0.003	0.148
happy	0.024	0.000	0.009	0.774	0.019	0.002	0.173
happy	0.005	0.002	0.002	0.977	0.008	0.000	0.008
happy	0.007	0.000	0.005	0.961	0.009	0.001	0.016
happy	0.006	0.003	0.002	0.976	0.005	0.000	0.009
happy	0.199	0.021	0.076	0.397	0.209	0.014	0.083
neutral	0.099	0.000	0.024	0.141	0.215	0.007	0.513
neutral	0.112	0.000	0.020	0.258	0.085	0.004	0.521
happy	0.017	0.000	0.002	0.877	0.016	0.001	0.087
happy	0.005	0.000	0.002	0.922	0.009	0.001	0.062
happy	0.076	0.000	0.017	0.487	0.052	0.006	0.362
happy	0.049	0.000	0.016	0.649	0.042	0.006	0.238
happy	0.005	0.000	0.001	0.952	0.002	0.001	0.038
happy	0.005	0.000	0.001	0.942	0.004	0.001	0.048
happy	0.004	0.000	0.001	0.962	0.003	0.000	0.030
happy	0.004	0.000	0.001	0.962	0.004	0.000	0.028
happy	0.003	0.000	0.001	0.966	0.002	0.000	0.028
happy	0.001	0.000	0.000	0.986	0.001	0.000	0.011
happy	0.002	0.000	0.001	0.977	0.001	0.000	0.019
happy	0.003	0.000	0.001	0.972	0.002	0.000	0.023
happy	0.002	0.000	0.000	0.986	0.001	0.000	0.011
happy	0.001	0.000	0.000	0.991	0.000	0.000	0.007
happy	0.001	0.000	0.000	0.994	0.000	0.000	0.005
happy	0.000	0.000	0.000	0.996	0.000	0.000	0.003
happy	0.001	0.000	0.000	0.991	0.000	0.000	0.008
happy	0.000	0.000	0.000	0.996	0.000	0.000	0.003
happy	0.000	0.000	0.000	0.999	0.000	0.000	0.001
happy	0.000	0.000	0.000	0.997	0.000	0.000	0.003
happy	0.001	0.000	0.000	0.982	0.002	0.000	0.015
happy	0.000	0.000	0.000	0.999	0.000	0.000	0.000
happy	0.000	0.000	0.000	0.999	0.000	0.000	0.000
happy	0.004	0.000	0.002	0.958	0.002	0.000	0.034
happy	0.004	0.000	0.001	0.965	0.002	0.000	0.027
happy	0.009	0.000	0.001	0.782	0.010	0.001	0.196
sad	0.133	0.000	0.133	0.171	0.417	0.003	0.142
neutral	0.082	0.000	0.009	0.163	0.141	0.005	0.601
happy	0.004	0.000	0.000	0.927	0.005	0.001	0.064
happy	0.003	0.000	0.001	0.970	0.003	0.004	0.020
happy	0.001	0.000	0.000	0.993	0.001	0.003	0.003
happy	0.001	0.000	0.001	0.996	0.000	0.001	0.001
happy	0.006	0.000	0.004	0.874	0.003	0.001	0.113
happy	0.007	0.000	0.007	0.851	0.005	0.003	0.129
happy	0.037	0.000	0.008	0.661	0.013	0.002	0.279
neutral	0.119	0.000	0.010	0.397	0.054	0.002	0.418
happy	0.017	0.000	0.017	0.767	0.040	0.000	0.159
happy	0.015	0.000	0.003	0.703	0.039	0.000	0.239
neutral	0.056	0.000	0.013	0.113	0.109	0.001	0.709
neutral	0.026	0.000	0.015	0.248	0.100	0.001	0.609
happy	0.007	0.000	0.002	0.926	0.006	0.001	0.058
happy	0.004	0.000	0.002	0.924	0.007	0.000	0.063
neutral	0.319	0.000	0.053	0.116	0.123	0.005	0.384
angry	0.338	0.000	0.052	0.195	0.185	0.003	0.226
neutral	0.210	0.000	0.017	0.150	0.129	0.001	0.494
neutral	0.120	0.000	0.017	0.344	0.089	0.002	0.428
happy	0.001	0.000	0.000	0.988	0.000	0.000	0.011
happy	0.000	0.000	0.000	0.996	0.000	0.000	0.003
happy	0.000	0.000	0.000	0.999	0.000	0.000	0.001
happy	0.000	0.000	0.000	0.998	0.000	0.000	0.002
happy	0.000	0.000	0.000	0.997	0.000	0.000	0.002
happy	0.001	0.000	0.000	0.991	0.000	0.000	0.007
happy	0.000	0.000	0.000	0.980	0.001	0.000	0.019
happy	0.000	0.000	0.000	0.992	0.000	0.000	0.007
happy	0.000	0.000	0.000	0.999	0.000	0.000	0.001
happy	0.000	0.000	0.000	0.999	0.000	0.000	0.001
happy	0.000	0.000	0.000	0.999	0.000	0.000	0.001
happy	0.000	0.000	0.000	0.998	0.000	0.000	0.001
happy	0.000	0.000	0.000	0.999	0.000	0.000	0.001
happy	0.000	0.000	0.000	0.999	0.000	0.000	0.001
happy	0.000	0.000	0.000	0.999	0.000	0.000	0.001
happy	0.000	0.000	0.000	0.999	0.000	0.000	0.001
happy	0.002	0.000	0.000	0.958	0.003	0.000	0.037
neutral	0.300	0.000	0.038	0.148	0.164	0.007	0.343
neutral	0.183	0.005	0.040	0.102	0.220	0.005	0.446
angry	0.386	0.000	0.080	0.011	0.235	0.006	0.282
neutral	0.018	0.000	0.099	0.057	0.182	0.046	0.598
neutral	0.033	0.000	0.185	0.221	0.058	0.126	0.377
happy	0.037	0.000	0.176	0.423	0.050	0.072	0.241
happy	0.018	0.000	0.232	0.284	0.092	0.141	0.234
happy	0.027	0.000	0.079	0.639	0.028	0.050	0.176
happy	0.028	0.001	0.089	0.483	0.069	0.167	0.163
happy	0.008	0.000	0.031	0.765	0.026	0.056	0.114
happy	0.014	0.000	0.007	0.914	0.006	0.009	0.050
happy	0.007	0.002	0.003	0.953	0.003	0.009	0.022
happy	0.010	0.002	0.006	0.912	0.009	0.014	0.048
happy	0.004	0.000	0.005	0.911	0.005	0.025	0.050
happy	0.006	0.000	0.011	0.860	0.017	0.011	0.095
happy	0.007	0.000	0.002	0.972	0.005	0.004	0.009
happy	0.003	0.000	0.002	0.978	0.010	0.001	0.005
happy	0.012	0.000	0.007	0.939	0.021	0.002	0.019
happy	0.026	0.001	0.015	0.842	0.052	0.004	0.059
happy	0.095	0.003	0.043	0.643	0.115	0.012	0.088
happy	0.066	0.001	0.012	0.830	0.052	0.003	0.037
happy	0.046	0.001	0.010	0.827	0.066	0.001	0.049
happy	0.021	0.001	0.009	0.893	0.037	0.001	0.039
happy	0.027	0.001	0.015	0.837	0.066	0.003	0.051
happy	0.035	0.000	0.012	0.897	0.032	0.004	0.020
happy	0.109	0.002	0.035	0.627	0.130	0.012	0.084
happy	0.110	0.002	0.029	0.658	0.121	0.009	0.070
happy	0.056	0.000	0.015	0.850	0.045	0.007	0.028
happy	0.056	0.001	0.015	0.831	0.044	0.008	0.045
happy	0.040	0.000	0.009	0.898	0.027	0.006	0.019
happy	0.046	0.001	0.014	0.866	0.043	0.006	0.024
happy	0.053	0.001	0.026	0.832	0.065	0.007	0.016
happy	0.249	0.007	0.080	0.507	0.097	0.026	0.035
happy	0.308	0.009	0.062	0.468	0.105	0.020	0.028
happy	0.311	0.007	0.099	0.422	0.114	0.027	0.020
angry	0.415	0.006	0.129	0.258	0.143	0.032	0.018
happy	0.316	0.003	0.098	0.456	0.093	0.023	0.010
happy	0.292	0.004	0.094	0.464	0.110	0.023	0.013
happy	0.156	0.003	0.043	0.666	0.092	0.010	0.030
happy	0.032	0.001	0.011	0.903	0.030	0.003	0.020
happy	0.013	0.000	0.003	0.931	0.008	0.001	0.044
happy	0.017	0.000	0.002	0.656	0.017	0.000	0.308
happy	0.050	0.000	0.006	0.628	0.028	0.001	0.288
neutral	0.079	0.000	0.009	0.354	0.045	0.001	0.510
neutral	0.117	0.000	0.015	0.139	0.076	0.001	0.651
neutral	0.075	0.000	0.007	0.244	0.038	0.001	0.636
neutral	0.095	0.000	0.013	0.141	0.078	0.001	0.673
neutral	0.203	0.000	0.014	0.030	0.147	0.001	0.605
neutral	0.174	0.000	0.012	0.051	0.117	0.001	0.645
neutral	0.133	0.000	0.013	0.042	0.130	0.001	0.681
neutral	0.143	0.000	0.018	0.053	0.180	0.000	0.606
neutral	0.135	0.000	0.012	0.138	0.124	0.001	0.590
neutral	0.171	0.000	0.014	0.037	0.113	0.001	0.664
neutral	0.102	0.000	0.012	0.089	0.087	0.001	0.709
neutral	0.093	0.000	0.014	0.087	0.127	0.001	0.678
neutral	0.157	0.000	0.011	0.037	0.155	0.001	0.640
neutral	0.136	0.000	0.020	0.075	0.211	0.001	0.557
neutral	0.181	0.000	0.020	0.036	0.145	0.003	0.615
neutral	0.115	0.000	0.014	0.059	0.101	0.002	0.709
neutral	0.122	0.000	0.017	0.109	0.131	0.001	0.619
neutral	0.090	0.000	0.013	0.082	0.101	0.001	0.712
neutral	0.099	0.000	0.017	0.035	0.260	0.001	0.588
neutral	0.113	0.000	0.021	0.046	0.234	0.001	0.584
neutral	0.135	0.000	0.014	0.022	0.211	0.000	0.618
neutral	0.100	0.000	0.008	0.024	0.139	0.000	0.729
neutral	0.082	0.000	0.006	0.015	0.125	0.000	0.772
neutral	0.145	0.000	0.014	0.020	0.174	0.002	0.645
neutral	0.170	0.000	0.007	0.017	0.130	0.000	0.676
neutral	0.155	0.000	0.009	0.038	0.129	0.000	0.669
neutral	0.185	0.000	0.011	0.032	0.115	0.001	0.656
neutral	0.126	0.000	0.008	0.041	0.197	0.000	0.627
neutral	0.197	0.000	0.007	0.009	0.229	0.001	0.558
neutral	0.383	0.000	0.004	0.006	0.167	0.001	0.439
neutral	0.185	0.000	0.004	0.020	0.184	0.000	0.606
neutral	0.225	0.000	0.009	0.019	0.209	0.001	0.538
neutral	0.314	0.000	0.010	0.010	0.167	0.001	0.499
neutral	0.184	0.000	0.008	0.008	0.166	0.001	0.634
neutral	0.281	0.000	0.013	0.010	0.162	0.001	0.532
neutral	0.124	0.000	0.011	0.023	0.181	0.000	0.661
neutral	0.264	0.000	0.013	0.030	0.164	0.001	0.527
neutral	0.262	0.000	0.018	0.030	0.180	0.001	0.508
neutral	0.138	0.000	0.016	0.030	0.177	0.001	0.638
neutral	0.264	0.000	0.014	0.026	0.183	0.000	0.514
neutral	0.195	0.000	0.018	0.049	0.124	0.001	0.612
neutral	0.212	0.000	0.019	0.028	0.144	0.001	0.596
neutral	0.234	0.000	0.019	0.135	0.084	0.003	0.525
angry	0.379	0.001	0.176	0.090	0.122	0.040	0.193
angry	0.376	0.001	0.125	0.101	0.166	0.035	0.197
happy	0.073	0.000	0.020	0.498	0.111	0.002	0.295
neutral	0.078	0.000	0.014	0.355	0.098	0.001	0.454
neutral	0.110	0.000	0.013	0.091	0.175	0.001	0.610
neutral	0.129	0.000	0.021	0.127	0.143	0.002	0.577
neutral	0.101	0.000	0.018	0.110	0.157	0.001	0.613
neutral	0.056	0.000	0.012	0.109	0.133	0.001	0.690
neutral	0.108	0.000	0.012	0.108	0.221	0.000	0.550
neutral	0.046	0.000	0.009	0.102	0.153	0.000	0.690
neutral	0.062	0.000	0.016	0.070	0.199	0.001	0.652
neutral	0.083	0.000	0.013	0.061	0.170	0.001	0.672
neutral	0.080	0.000	0.013	0.060	0.180	0.000	0.666
neutral	0.209	0.000	0.009	0.010	0.193	0.000	0.578
neutral	0.216	0.000	0.006	0.015	0.149	0.000	0.614
neutral	0.189	0.000	0.011	0.032	0.211	0.001	0.556
neutral	0.266	0.000	0.010	0.019	0.234	0.001	0.472
neutral	0.162	0.000	0.016	0.025	0.273	0.001	0.524
neutral	0.230	0.000	0.012	0.027	0.185	0.001	0.546
neutral	0.157	0.000	0.007	0.047	0.134	0.000	0.655
neutral	0.142	0.000	0.009	0.032	0.148	0.000	0.669
neutral	0.187	0.000	0.018	0.026	0.131	0.001	0.638
angry	0.424	0.000	0.047	0.042	0.170	0.004	0.313
neutral	0.255	0.000	0.039	0.113	0.227	0.003	0.363
neutral	0.228	0.000	0.031	0.073	0.226	0.003	0.438
neutral	0.199	0.000	0.046	0.031	0.276	0.002	0.446
neutral	0.166	0.000	0.046	0.051	0.248	0.002	0.486
neutral	0.228	0.000	0.051	0.059	0.319	0.004	0.339
neutral	0.299	0.000	0.028	0.055	0.212	0.003	0.402
neutral	0.252	0.001	0.027	0.043	0.207	0.003	0.466
neutral	0.237	0.000	0.041	0.042	0.222	0.003	0.455
neutral	0.191	0.000	0.009	0.015	0.163	0.000	0.621
neutral	0.092	0.000	0.009	0.011	0.120	0.000	0.766
neutral	0.257	0.000	0.016	0.011	0.166	0.001	0.549
neutral	0.176	0.000	0.012	0.014	0.175	0.000	0.623
neutral	0.174	0.000	0.017	0.013	0.215	0.001	0.581
neutral	0.172	0.000	0.012	0.008	0.201	0.001	0.606
neutral	0.192	0.001	0.020	0.013	0.168	0.001	0.606
neutral	0.213	0.001	0.021	0.009	0.173	0.001	0.582
neutral	0.214	0.000	0.021	0.006	0.202	0.001	0.557
neutral	0.128	0.000	0.018	0.006	0.184	0.001	0.662
neutral	0.181	0.001	0.012	0.005	0.173	0.001	0.628
neutral	0.193	0.001	0.021	0.009	0.157	0.001	0.617
neutral	0.177	0.001	0.015	0.006	0.155	0.001	0.645
neutral	0.232	0.000	0.021	0.007	0.179	0.001	0.559
neutral	0.124	0.000	0.009	0.014	0.123	0.001	0.729
neutral	0.100	0.000	0.013	0.020	0.163	0.000	0.704
neutral	0.146	0.000	0.018	0.015	0.157	0.001	0.664
neutral	0.242	0.000	0.019	0.026	0.123	0.001	0.588
neutral	0.258	0.000	0.022	0.074	0.113	0.001	0.532
angry	0.424	0.000	0.026	0.035	0.115	0.003	0.398
neutral	0.326	0.000	0.021	0.033	0.136	0.001	0.483
neutral	0.329	0.000	0.022	0.023	0.122	0.002	0.502
angry	0.479	0.000	0.013	0.005	0.218	0.001	0.283
neutral	0.290	0.000	0.009	0.004	0.200	0.001	0.495
neutral	0.286	0.000	0.015	0.017	0.204	0.001	0.477
neutral	0.159	0.000	0.016	0.012	0.244	0.002	0.567
neutral	0.075	0.000	0.028	0.082	0.277	0.002	0.537
happy	0.126	0.000	0.012	0.386	0.108	0.002	0.366
neutral	0.167	0.000	0.013	0.010	0.259	0.003	0.549
neutral	0.115	0.000	0.015	0.005	0.272	0.002	0.592
neutral	0.086	0.000	0.010	0.005	0.163	0.002	0.735
neutral	0.075	0.000	0.006	0.006	0.111	0.001	0.802
neutral	0.121	0.000	0.008	0.002	0.196	0.001	0.673
neutral	0.195	0.000	0.020	0.001	0.195	0.002	0.587
neutral	0.348	0.001	0.011	0.001	0.178	0.001	0.460
neutral	0.268	0.001	0.025	0.001	0.160	0.002	0.545
neutral	0.322	0.003	0.035	0.002	0.172	0.005	0.462
neutral	0.154	0.002	0.024	0.001	0.128	0.003	0.689
neutral	0.209	0.000	0.010	0.001	0.149	0.002	0.629
neutral	0.222	0.000	0.015	0.003	0.107	0.002	0.651
neutral	0.161	0.000	0.014	0.004	0.097	0.001	0.723
neutral	0.109	0.000	0.012	0.006	0.120	0.001	0.752
neutral	0.116	0.000	0.013	0.042	0.301	0.000	0.528
neutral	0.058	0.000	0.009	0.171	0.168	0.001	0.595
neutral	0.073	0.000	0.016	0.203	0.150	0.002	0.556
neutral	0.065	0.000	0.010	0.174	0.162	0.001	0.587
neutral	0.164	0.000	0.014	0.109	0.195	0.001	0.518
neutral	0.233	0.000	0.022	0.063	0.155	0.001	0.526
neutral	0.190	0.000	0.019	0.027	0.166	0.001	0.598
neutral	0.147	0.000	0.012	0.048	0.165	0.000	0.627
neutral	0.099	0.000	0.017	0.025	0.255	0.000	0.603
neutral	0.130	0.000	0.009	0.011	0.142	0.000	0.708
neutral	0.191	0.000	0.013	0.009	0.246	0.000	0.541
neutral	0.103	0.000	0.007	0.015	0.156	0.000	0.718
neutral	0.074	0.000	0.007	0.012	0.081	0.001	0.825
neutral	0.140	0.000	0.010	0.019	0.179	0.000	0.652
neutral	0.122	0.000	0.010	0.019	0.182	0.000	0.667
neutral	0.154	0.000	0.010	0.014	0.159	0.001	0.663
neutral	0.112	0.000	0.009	0.024	0.160	0.001	0.694
neutral	0.162	0.000	0.015	0.019	0.216	0.000	0.587
neutral	0.178	0.000	0.015	0.007	0.212	0.000	0.586
neutral	0.129	0.000	0.015	0.035	0.158	0.001	0.661
neutral	0.127	0.000	0.016	0.017	0.251	0.001	0.589
neutral	0.135	0.000	0.013	0.023	0.235	0.001	0.594
neutral	0.094	0.000	0.012	0.015	0.195	0.001	0.683
neutral	0.098	0.000	0.018	0.010	0.272	0.001	0.601
neutral	0.118	0.000	0.020	0.017	0.220	0.001	0.624
neutral	0.099	0.000	0.012	0.030	0.153	0.001	0.704
neutral	0.120	0.000	0.023	0.026	0.185	0.001	0.645
neutral	0.088	0.000	0.013	0.016	0.146	0.002	0.735
neutral	0.099	0.000	0.015	0.018	0.181	0.001	0.687
neutral	0.072	0.000	0.012	0.012	0.197	0.001	0.706
neutral	0.112	0.000	0.011	0.014	0.148	0.001	0.714
neutral	0.157	0.000	0.016	0.009	0.194	0.001	0.624
neutral	0.121	0.000	0.018	0.009	0.169	0.001	0.682
neutral	0.123	0.000	0.021	0.013	0.152	0.002	0.688
neutral	0.114	0.000	0.013	0.006	0.170	0.001	0.696
neutral	0.126	0.000	0.012	0.012	0.151	0.001	0.697
neutral	0.105	0.000	0.014	0.006	0.178	0.001	0.696
neutral	0.141	0.000	0.008	0.006	0.175	0.000	0.670
neutral	0.077	0.000	0.010	0.009	0.122	0.001	0.782
neutral	0.074	0.000	0.008	0.009	0.097	0.000	0.811
neutral	0.103	0.000	0.010	0.005	0.147	0.001	0.734
neutral	0.177	0.000	0.013	0.008	0.177	0.001	0.623
neutral	0.210	0.000	0.024	0.006	0.277	0.001	0.482
neutral	0.134	0.000	0.009	0.004	0.180	0.001	0.672
neutral	0.154	0.000	0.012	0.005	0.187	0.001	0.641
neutral	0.179	0.000	0.007	0.004	0.140	0.001	0.670
neutral	0.118	0.000	0.011	0.004	0.167	0.001	0.699
neutral	0.078	0.000	0.004	0.003	0.063	0.000	0.852
neutral	0.188	0.000	0.010	0.003	0.119	0.000	0.680
neutral	0.105	0.000	0.008	0.004	0.133	0.001	0.750
neutral	0.147	0.000	0.014	0.004	0.175	0.001	0.659
neutral	0.160	0.000	0.021	0.006	0.195	0.001	0.616
neutral	0.155	0.000	0.016	0.003	0.238	0.001	0.587
neutral	0.256	0.000	0.016	0.002	0.271	0.001	0.454
neutral	0.141	0.000	0.017	0.003	0.188	0.001	0.650
neutral	0.155	0.000	0.009	0.003	0.151	0.001	0.682
neutral	0.165	0.000	0.015	0.002	0.263	0.001	0.554
neutral	0.171	0.000	0.013	0.003	0.167	0.001	0.646
neutral	0.218	0.000	0.014	0.003	0.202	0.001	0.563
neutral	0.151	0.000	0.014	0.003	0.121	0.001	0.710
neutral	0.130	0.000	0.009	0.004	0.115	0.001	0.741
neutral	0.141	0.000	0.012	0.003	0.166	0.001	0.677
neutral	0.113	0.000	0.013	0.004	0.143	0.001	0.726
neutral	0.195	0.000	0.019	0.002	0.204	0.001	0.579
neutral	0.148	0.000	0.013	0.002	0.187	0.001	0.649
neutral	0.131	0.000	0.013	0.003	0.144	0.001	0.709
neutral	0.128	0.000	0.017	0.004	0.168	0.002	0.683
neutral	0.149	0.000	0.010	0.003	0.191	0.000	0.647
neutral	0.133	0.000	0.028	0.004	0.147	0.001	0.686
neutral	0.183	0.000	0.018	0.003	0.172	0.001	0.624
neutral	0.210	0.000	0.018	0.003	0.257	0.001	0.511
neutral	0.125	0.001	0.011	0.003	0.152	0.001	0.707
neutral	0.114	0.000	0.008	0.002	0.117	0.001	0.758
neutral	0.181	0.000	0.009	0.003	0.209	0.000	0.597
neutral	0.224	0.000	0.039	0.003	0.208	0.001	0.524
neutral	0.099	0.000	0.010	0.003	0.142	0.001	0.745
neutral	0.125	0.000	0.009	0.004	0.174	0.001	0.687
neutral	0.368	0.000	0.037	0.003	0.175	0.001	0.416
neutral	0.230	0.000	0.013	0.004	0.189	0.000	0.563
neutral	0.174	0.000	0.011	0.003	0.090	0.001	0.722
neutral	0.157	0.001	0.012	0.003	0.111	0.001	0.715
neutral	0.104	0.000	0.018	0.002	0.134	0.002	0.740
neutral	0.208	0.001	0.014	0.002	0.155	0.001	0.618
neutral	0.184	0.000	0.015	0.004	0.180	0.000	0.617
neutral	0.146	0.000	0.007	0.002	0.115	0.001	0.728
neutral	0.129	0.000	0.012	0.002	0.150	0.001	0.706
neutral	0.176	0.000	0.018	0.002	0.192	0.001	0.612
neutral	0.083	0.000	0.007	0.003	0.133	0.000	0.773
neutral	0.102	0.000	0.012	0.002	0.143	0.000	0.740
neutral	0.183	0.000	0.010	0.002	0.161	0.001	0.644
neutral	0.226	0.000	0.021	0.004	0.220	0.001	0.528
neutral	0.207	0.000	0.020	0.004	0.163	0.001	0.605
neutral	0.143	0.000	0.012	0.005	0.182	0.000	0.657
neutral	0.084	0.000	0.007	0.004	0.171	0.000	0.732
neutral	0.078	0.000	0.007	0.005	0.176	0.000	0.734
neutral	0.109	0.000	0.017	0.085	0.177	0.001	0.610
neutral	0.104	0.000	0.026	0.130	0.229	0.001	0.509
neutral	0.146	0.000	0.020	0.097	0.166	0.002	0.569
neutral	0.165	0.000	0.022	0.050	0.264	0.001	0.499
neutral	0.137	0.000	0.013	0.055	0.280	0.001	0.514
neutral	0.238	0.000	0.022	0.041	0.149	0.002	0.548
neutral	0.232	0.000	0.019	0.056	0.137	0.002	0.555
neutral	0.189	0.000	0.017	0.071	0.151	0.001	0.570
neutral	0.219	0.000	0.014	0.114	0.139	0.001	0.513
neutral	0.184	0.000	0.017	0.111	0.170	0.001	0.518
neutral	0.288	0.000	0.011	0.030	0.202	0.000	0.469
neutral	0.271	0.000	0.007	0.033	0.177	0.000	0.513
neutral	0.258	0.000	0.013	0.061	0.156	0.001	0.512
neutral	0.217	0.000	0.015	0.052	0.232	0.000	0.485
neutral	0.288	0.001	0.010	0.049	0.174	0.000	0.478
neutral	0.249	0.000	0.010	0.045	0.136	0.001	0.559
neutral	0.222	0.000	0.011	0.021	0.228	0.000	0.517
neutral	0.205	0.000	0.005	0.030	0.186	0.000	0.572
neutral	0.195	0.000	0.007	0.042	0.192	0.000	0.564
neutral	0.242	0.000	0.008	0.024	0.280	0.000	0.446
neutral	0.146	0.000	0.006	0.021	0.165	0.000	0.661
neutral	0.155	0.000	0.004	0.015	0.121	0.000	0.705
neutral	0.189	0.000	0.004	0.020	0.130	0.000	0.657
neutral	0.130	0.000	0.006	0.016	0.129	0.000	0.719
neutral	0.136	0.000	0.006	0.035	0.111	0.000	0.712
neutral	0.133	0.000	0.006	0.020	0.144	0.000	0.697
neutral	0.169	0.000	0.007	0.013	0.172	0.000	0.638
neutral	0.208	0.000	0.014	0.010	0.205	0.000	0.563
neutral	0.123	0.000	0.007	0.019	0.123	0.000	0.727
neutral	0.147	0.000	0.008	0.014	0.139	0.000	0.691
neutral	0.180	0.000	0.005	0.050	0.159	0.000	0.606
neutral	0.192	0.000	0.008	0.017	0.193	0.000	0.590
neutral	0.207	0.000	0.011	0.018	0.150	0.001	0.614
neutral	0.161	0.000	0.007	0.072	0.156	0.000	0.603
neutral	0.163	0.000	0.006	0.044	0.160	0.000	0.625
neutral	0.227	0.000	0.007	0.022	0.169	0.000	0.575
neutral	0.210	0.000	0.010	0.022	0.175	0.000	0.582
neutral	0.218	0.000	0.011	0.010	0.193	0.000	0.567
neutral	0.187	0.000	0.013	0.024	0.222	0.000	0.554
neutral	0.148	0.000	0.016	0.055	0.176	0.001	0.604
neutral	0.107	0.000	0.006	0.011	0.183	0.000	0.692
neutral	0.131	0.000	0.006	0.029	0.177	0.000	0.656
neutral	0.140	0.000	0.005	0.035	0.143	0.000	0.676
neutral	0.216	0.000	0.008	0.019	0.190	0.000	0.566
neutral	0.157	0.000	0.009	0.018	0.190	0.000	0.625
neutral	0.191	0.000	0.008	0.021	0.168	0.000	0.612
neutral	0.165	0.000	0.010	0.023	0.249	0.000	0.552
neutral	0.153	0.000	0.009	0.023	0.180	0.000	0.634
neutral	0.235	0.000	0.008	0.016	0.182	0.000	0.557
neutral	0.207	0.000	0.011	0.023	0.202	0.000	0.557
neutral	0.161	0.000	0.008	0.024	0.152	0.000	0.654
neutral	0.244	0.000	0.009	0.024	0.160	0.000	0.562
neutral	0.193	0.000	0.009	0.025	0.146	0.000	0.627
neutral	0.130	0.000	0.008	0.016	0.204	0.000	0.642
neutral	0.139	0.000	0.010	0.015	0.240	0.000	0.595
neutral	0.119	0.000	0.008	0.021	0.152	0.000	0.700
neutral	0.164	0.000	0.006	0.062	0.136	0.000	0.631
neutral	0.219	0.000	0.008	0.032	0.162	0.000	0.578
neutral	0.175	0.000	0.006	0.032	0.162	0.000	0.624
neutral	0.212	0.000	0.008	0.033	0.186	0.000	0.561
neutral	0.210	0.000	0.007	0.016	0.221	0.000	0.545
neutral	0.180	0.000	0.010	0.047	0.158	0.000	0.604
neutral	0.185	0.000	0.006	0.024	0.202	0.000	0.583
neutral	0.229	0.000	0.009	0.014	0.195	0.000	0.553
neutral	0.159	0.000	0.008	0.020	0.156	0.000	0.657
neutral	0.124	0.000	0.007	0.053	0.138	0.000	0.678
neutral	0.198	0.000	0.011	0.012	0.265	0.000	0.513
neutral	0.178	0.000	0.008	0.014	0.212	0.000	0.588
neutral	0.221	0.000	0.013	0.010	0.214	0.000	0.541
neutral	0.186	0.000	0.010	0.014	0.186	0.000	0.604
neutral	0.230	0.000	0.010	0.022	0.222	0.001	0.515
neutral	0.181	0.000	0.008	0.015	0.200	0.000	0.596
neutral	0.191	0.000	0.008	0.034	0.177	0.001	0.589
neutral	0.254	0.000	0.014	0.017	0.187	0.001	0.527
