prediction	angry	disgust	fear	happy	sad	surprise	neutral
sad	0.094	0.007	0.122	0.021	0.523	0.001	0.231
neutral	0.087	0.001	0.177	0.008	0.311	0.005	0.411
neutral	0.108	0.001	0.309	0.008	0.223	0.007	0.344
fear	0.073	0.000	0.319	0.004	0.309	0.010	0.285
neutral	0.113	0.001	0.179	0.016	0.210	0.003	0.479
fear	0.054	0.000	0.411	0.004	0.180	0.004	0.346
fear	0.068	0.000	0.435	0.004	0.177	0.006	0.311
fear	0.065	0.000	0.371	0.012	0.186	0.004	0.361
fear	0.061	0.000	0.522	0.008	0.168	0.005	0.235
fear	0.047	0.000	0.583	0.006	0.224	0.009	0.131
fear	0.079	0.000	0.513	0.006	0.199	0.008	0.195
fear	0.075	0.000	0.414	0.008	0.196	0.007	0.300
fear	0.043	0.000	0.382	0.003	0.252	0.003	0.318
neutral	0.108	0.000	0.276	0.002	0.257	0.010	0.347
sad	0.108	0.000	0.173	0.001	0.380	0.006	0.332
neutral	0.120	0.000	0.181	0.004	0.295	0.009	0.391
neutral	0.079	0.000	0.086	0.023	0.222	0.009	0.583
neutral	0.084	0.000	0.067	0.008	0.144	0.004	0.693
neutral	0.115	0.000	0.015	0.006	0.117	0.001	0.746
neutral	0.102	0.000	0.006	0.001	0.233	0.001	0.658
neutral	0.096	0.000	0.008	0.001	0.274	0.001	0.620
neutral	0.053	0.000	0.007	0.002	0.126	0.001	0.810
neutral	0.050	0.000	0.008	0.002	0.136	0.001	0.803
neutral	0.061	0.000	0.011	0.001	0.206	0.002	0.718
neutral	0.060	0.000	0.015	0.006	0.171	0.001	0.747
neutral	0.118	0.000	0.003	0.008	0.166	0.001	0.705
neutral	0.088	0.000	0.004	0.008	0.114	0.001	0.786
neutral	0.112	0.000	0.004	0.031	0.078	0.001	0.774
neutral	0.065	0.000	0.003	0.010	0.075	0.000	0.847
neutral	0.073	0.000	0.006	0.005	0.178	0.001	0.737
neutral	0.107	0.000	0.003	0.003	0.166	0.000	0.721
neutral	0.088	0.000	0.004	0.002	0.204	0.000	0.702
neutral	0.120	0.000	0.007	0.004	0.155	0.001	0.714
neutral	0.121	0.000	0.008	0.006	0.166	0.001	0.699
neutral	0.167	0.000	0.013	0.006	0.152	0.001	0.661
neutral	0.113	0.000	0.004	0.001	0.212	0.000	0.669
neutral	0.068	0.000	0.005	0.001	0.265	0.000	0.661
neutral	0.098	0.000	0.034	0.037	0.303	0.001	0.527
neutral	0.158	0.000	0.053	0.024	0.311	0.001	0.453
sad	0.147	0.000	0.038	0.020	0.418	0.000	0.376
neutral	0.115	0.000	0.054	0.008	0.356	0.001	0.466
sad	0.197	0.000	0.078	0.012	0.369	0.001	0.344
neutral	0.154	0.000	0.063	0.016	0.357	0.001	0.409
sad	0.201	0.000	0.051	0.023	0.381	0.001	0.343
neutral	0.232	0.000	0.038	0.039	0.265	0.001	0.426
angry	0.313	0.000	0.055	0.097	0.235	0.001	0.299
neutral	0.115	0.000	0.037	0.235	0.099	0.001	0.512
neutral	0.127	0.000	0.022	0.271	0.111	0.001	0.468
neutral	0.134	0.000	0.038	0.279	0.141	0.001	0.407
neutral	0.196	0.000	0.031	0.212	0.198	0.001	0.361
neutral	0.214	0.002	0.023	0.234	0.164	0.001	0.364
happy	0.144	0.001	0.021	0.437	0.070	0.001	0.327
neutral	0.183	0.000	0.023	0.230	0.161	0.001	0.403
neutral	0.235	0.001	0.031	0.129	0.234	0.000	0.370
sad	0.361	0.000	0.024	0.007	0.377	0.000	0.230
sad	0.310	0.000	0.025	0.010	0.404	0.000	0.251
sad	0.229	0.000	0.011	0.003	0.558	0.000	0.197
sad	0.348	0.001	0.025	0.008	0.405	0.000	0.213
sad	0.382	0.001	0.013	0.001	0.480	0.000	0.124
sad	0.336	0.001	0.010	0.003	0.469	0.000	0.181
neutral	0.245	0.000	0.025	0.022	0.288	0.001	0.419
sad	0.282	0.001	0.019	0.018	0.347	0.001	0.332
neutral	0.257	0.001	0.023	0.038	0.302	0.001	0.378
neutral	0.205	0.000	0.028	0.022	0.330	0.001	0.414
neutral	0.305	0.001	0.028	0.030	0.261	0.001	0.374
sad	0.288	0.000	0.022	0.010	0.475	0.000	0.204
sad	0.203	0.000	0.021	0.016	0.425	0.001	0.334
sad	0.249	0.000	0.031	0.011	0.426	0.001	0.282
angry	0.401	0.000	0.030	0.015	0.265	0.001	0.288
angry	0.366	0.000	0.026	0.035	0.282	0.001	0.290
sad	0.322	0.000	0.023	0.011	0.392	0.001	0.252
sad	0.319	0.000	0.019	0.007	0.450	0.000	0.204
angry	0.495	0.000	0.014	0.013	0.283	0.000	0.194
sad	0.243	0.000	0.028	0.014	0.372	0.000	0.342
angry	0.394	0.001	0.019	0.030	0.319	0.000	0.237
sad	0.332	0.001	0.017	0.047	0.365	0.000	0.238
angry	0.301	0.002	0.013	0.187	0.219	0.000	0.277
angry	0.300	0.002	0.012	0.282	0.157	0.000	0.247
happy	0.269	0.001	0.014	0.403	0.124	0.000	0.187
happy	0.102	0.001	0.005	0.563	0.050	0.000	0.278
neutral	0.162	0.002	0.009	0.354	0.107	0.000	0.367
happy	0.050	0.001	0.003	0.776	0.034	0.000	0.136
happy	0.119	0.002	0.006	0.599	0.071	0.000	0.203
happy	0.084	0.001	0.006	0.684	0.052	0.000	0.173
happy	0.128	0.001	0.010	0.578	0.082	0.001	0.201
happy	0.214	0.001	0.014	0.386	0.117	0.001	0.267
happy	0.141	0.001	0.014	0.418	0.097	0.001	0.328
happy	0.222	0.001	0.020	0.392	0.099	0.001	0.264
angry	0.307	0.001	0.028	0.161	0.219	0.001	0.282
neutral	0.289	0.001	0.021	0.164	0.185	0.001	0.339
angry	0.278	0.002	0.021	0.256	0.169	0.001	0.274
angry	0.356	0.001	0.030	0.025	0.322	0.001	0.266
sad	0.315	0.002	0.025	0.020	0.329	0.000	0.309
angry	0.382	0.001	0.036	0.033	0.270	0.001	0.277
sad	0.309	0.000	0.048	0.010	0.422	0.000	0.209
sad	0.286	0.002	0.027	0.013	0.434	0.000	0.237
sad	0.341	0.000	0.038	0.009	0.411	0.001	0.200
sad	0.294	0.001	0.039	0.009	0.469	0.000	0.188
sad	0.258	0.000	0.029	0.009	0.432	0.000	0.271
sad	0.331	0.001	0.017	0.008	0.403	0.000	0.239
sad	0.349	0.001	0.029	0.006	0.434	0.000	0.181
sad	0.372	0.000	0.043	0.003	0.468	0.001	0.112
sad	0.291	0.000	0.029	0.006	0.486	0.001	0.188
sad	0.321	0.000	0.027	0.006	0.490	0.000	0.155
sad	0.340	0.000	0.028	0.009	0.397	0.000	0.225
sad	0.331	0.000	0.045	0.004	0.486	0.001	0.133
sad	0.280	0.000	0.031	0.007	0.483	0.000	0.199
sad	0.343	0.000	0.035	0.003	0.479	0.000	0.140
sad	0.304	0.000	0.025	0.004	0.470	0.000	0.196
sad	0.324	0.000	0.038	0.010	0.410	0.001	0.215
sad	0.381	0.000	0.029	0.006	0.394	0.000	0.189
angry	0.357	0.000	0.026	0.009	0.336	0.000	0.271
sad	0.377	0.001	0.031	0.008	0.406	0.000	0.177
sad	0.370	0.001	0.042	0.005	0.407	0.000	0.175
sad	0.347	0.001	0.031	0.007	0.395	0.000	0.221
sad	0.343	0.001	0.036	0.006	0.386	0.000	0.228
sad	0.228	0.001	0.034	0.007	0.476	0.000	0.255
angry	0.409	0.001	0.024	0.006	0.388	0.000	0.172
sad	0.371	0.000	0.034	0.005	0.449	0.001	0.139
sad	0.315	0.001	0.029	0.012	0.371	0.000	0.273
sad	0.246	0.000	0.039	0.007	0.460	0.000	0.247
sad	0.309	0.000	0.041	0.008	0.463	0.001	0.177
sad	0.279	0.001	0.024	0.009	0.437	0.000	0.249
sad	0.287	0.001	0.023	0.014	0.446	0.000	0.228
sad	0.268	0.001	0.022	0.009	0.449	0.000	0.251
sad	0.234	0.001	0.021	0.008	0.514	0.000	0.221
angry	0.421	0.001	0.024	0.011	0.363	0.000	0.181
sad	0.332	0.001	0.029	0.011	0.387	0.001	0.240
sad	0.365	0.001	0.020	0.014	0.376	0.000	0.224
sad	0.309	0.000	0.022	0.007	0.434	0.000	0.227
sad	0.346	0.000	0.029	0.008	0.425	0.001	0.191
sad	0.370	0.001	0.035	0.009	0.392	0.001	0.193
sad	0.312	0.001	0.033	0.006	0.505	0.001	0.144
angry	0.411	0.001	0.026	0.008	0.379	0.001	0.175
sad	0.373	0.000	0.035	0.008	0.425	0.001	0.159
sad	0.284	0.001	0.020	0.010	0.462	0.000	0.223
sad	0.279	0.001	0.021	0.009	0.428	0.000	0.262
sad	0.349	0.001	0.040	0.013	0.380	0.001	0.215
sad	0.296	0.000	0.033	0.006	0.427	0.001	0.235
angry	0.369	0.001	0.022	0.009	0.358	0.001	0.239
sad	0.267	0.001	0.026	0.015	0.389	0.000	0.301
sad	0.288	0.001	0.028	0.006	0.484	0.001	0.193
sad	0.373	0.001	0.017	0.008	0.402	0.000	0.200
sad	0.309	0.001	0.019	0.008	0.402	0.000	0.261
angry	0.368	0.001	0.017	0.011	0.351	0.000	0.250
sad	0.357	0.001	0.023	0.010	0.385	0.000	0.223
sad	0.311	0.001	0.018	0.012	0.431	0.000	0.227
sad	0.250	0.001	0.018	0.008	0.442	0.000	0.281
sad	0.342	0.001	0.018	0.004	0.450	0.000	0.184
sad	0.291	0.000	0.026	0.006	0.468	0.000	0.209
angry	0.396	0.001	0.020	0.007	0.377	0.000	0.198
sad	0.309	0.001	0.019	0.007	0.451	0.000	0.212
sad	0.321	0.001	0.031	0.009	0.417	0.001	0.221
sad	0.272	0.000	0.026	0.007	0.449	0.000	0.246
sad	0.298	0.001	0.029	0.005	0.493	0.001	0.173
sad	0.290	0.001	0.025	0.004	0.500	0.000	0.180
sad	0.376	0.001	0.016	0.007	0.379	0.000	0.221
sad	0.370	0.001	0.035	0.004	0.430	0.001	0.160
sad	0.277	0.001	0.020	0.008	0.408	0.000	0.286
neutral	0.347	0.000	0.026	0.015	0.248	0.000	0.363
angry	0.383	0.001	0.028	0.015	0.251	0.000	0.322
sad	0.284	0.000	0.052	0.011	0.353	0.000	0.299
sad	0.366	0.001	0.025	0.006	0.409	0.000	0.193
sad	0.304	0.001	0.032	0.008	0.418	0.000	0.237
sad	0.370	0.002	0.028	0.007	0.403	0.000	0.189
angry	0.419	0.000	0.032	0.005	0.395	0.000	0.149
sad	0.331	0.001	0.032	0.007	0.434	0.000	0.195
sad	0.346	0.002	0.020	0.010	0.405	0.000	0.218
sad	0.378	0.001	0.028	0.008	0.423	0.000	0.162
sad	0.334	0.001	0.021	0.005	0.469	0.000	0.169
sad	0.324	0.001	0.036	0.006	0.469	0.000	0.163
sad	0.370	0.001	0.030	0.005	0.443	0.000	0.150
sad	0.304	0.001	0.022	0.005	0.438	0.000	0.229
sad	0.342	0.000	0.050	0.009	0.374	0.000	0.224
sad	0.248	0.000	0.031	0.008	0.483	0.000	0.229
sad	0.303	0.000	0.036	0.007	0.463	0.001	0.190
sad	0.309	0.000	0.032	0.006	0.442	0.001	0.210
sad	0.347	0.001	0.017	0.011	0.369	0.000	0.254
sad	0.352	0.000	0.040	0.005	0.425	0.001	0.177
sad	0.349	0.001	0.033	0.006	0.412	0.000	0.199
angry	0.424	0.001	0.021	0.004	0.404	0.000	0.146
sad	0.356	0.001	0.021	0.008	0.388	0.000	0.226
angry	0.399	0.001	0.024	0.010	0.360	0.000	0.204
sad	0.319	0.001	0.029	0.008	0.380	0.000	0.264
sad	0.371	0.001	0.029	0.010	0.385	0.000	0.203
sad	0.347	0.001	0.033	0.004	0.470	0.001	0.145
sad	0.354	0.000	0.048	0.008	0.371	0.000	0.219
sad	0.320	0.000	0.035	0.003	0.503	0.001	0.137
angry	0.438	0.001	0.034	0.004	0.415	0.000	0.108
sad	0.350	0.001	0.027	0.005	0.386	0.000	0.230
sad	0.400	0.001	0.031	0.003	0.406	0.000	0.159
sad	0.348	0.001	0.024	0.009	0.395	0.000	0.223
sad	0.385	0.001	0.022	0.005	0.431	0.000	0.155
sad	0.384	0.001	0.035	0.005	0.454	0.001	0.120
angry	0.354	0.000	0.038	0.012	0.291	0.000	0.305
angry	0.439	0.001	0.024	0.007	0.320	0.000	0.207
angry	0.390	0.001	0.027	0.006	0.353	0.000	0.223
sad	0.263	0.000	0.035	0.004	0.510	0.000	0.187
sad	0.353	0.001	0.030	0.005	0.412	0.000	0.199
sad	0.343	0.001	0.020	0.006	0.380	0.000	0.250
sad	0.309	0.001	0.030	0.008	0.401	0.001	0.251
sad	0.350	0.001	0.021	0.007	0.388	0.000	0.233
sad	0.378	0.001	0.021	0.009	0.389	0.000	0.202
sad	0.283	0.000	0.028	0.003	0.492	0.000	0.193
sad	0.284	0.000	0.018	0.007	0.473	0.000	0.218
sad	0.352	0.001	0.023	0.005	0.479	0.000	0.139
sad	0.338	0.001	0.022	0.007	0.451	0.000	0.181
sad	0.268	0.001	0.039	0.010	0.420	0.000	0.263
sad	0.343	0.000	0.035	0.005	0.439	0.001	0.177
sad	0.343	0.000	0.020	0.009	0.390	0.000	0.238
sad	0.342	0.001	0.021	0.006	0.391	0.000	0.239
angry	0.445	0.001	0.019	0.008	0.374	0.000	0.152
sad	0.341	0.001	0.019	0.006	0.439	0.000	0.195
sad	0.378	0.002	0.022	0.005	0.457	0.000	0.135
sad	0.278	0.000	0.026	0.005	0.498	0.000	0.193
sad	0.310	0.000	0.043	0.006	0.445	0.001	0.197
sad	0.360	0.001	0.025	0.010	0.376	0.000	0.228
sad	0.330	0.001	0.023	0.006	0.475	0.000	0.165
sad	0.323	0.001	0.015	0.008	0.401	0.000	0.253
sad	0.369	0.001	0.025	0.006	0.386	0.000	0.211
sad	0.323	0.001	0.025	0.006	0.458	0.000	0.187
sad	0.361	0.001	0.025	0.007	0.391	0.000	0.214
sad	0.339	0.001	0.023	0.007	0.412	0.000	0.218
sad	0.339	0.001	0.023	0.007	0.417	0.000	0.213
sad	0.329	0.001	0.023	0.005	0.456	0.000	0.186
sad	0.264	0.001	0.032	0.005	0.517	0.000	0.181
sad	0.316	0.001	0.036	0.007	0.435	0.000	0.206
sad	0.361	0.001	0.035	0.006	0.405	0.001	0.191
sad	0.316	0.001	0.031	0.004	0.456	0.000	0.192
sad	0.321	0.001	0.035	0.003	0.481	0.000	0.159
neutral	0.233	0.000	0.045	0.030	0.326	0.000	0.366
angry	0.426	0.000	0.024	0.007	0.318	0.000	0.225
sad	0.356	0.001	0.045	0.010	0.359	0.001	0.228
sad	0.343	0.001	0.042	0.008	0.441	0.000	0.165
angry	0.367	0.003	0.035	0.005	0.360	0.000	0.230
sad	0.312	0.001	0.025	0.007	0.444	0.000	0.209
sad	0.305	0.001	0.033	0.007	0.373	0.001	0.282
sad	0.321	0.001	0.027	0.008	0.422	0.000	0.221
angry	0.417	0.000	0.039	0.010	0.329	0.001	0.203
sad	0.324	0.000	0.021	0.005	0.458	0.000	0.190
sad	0.342	0.001	0.044	0.003	0.459	0.001	0.150
sad	0.320	0.002	0.036	0.007	0.399	0.000	0.236
sad	0.338	0.001	0.045	0.004	0.445	0.001	0.167
sad	0.295	0.001	0.029	0.003	0.445	0.000	0.226
sad	0.315	0.001	0.021	0.004	0.418	0.000	0.240
sad	0.244	0.000	0.037	0.004	0.517	0.000	0.197
sad	0.359	0.002	0.027	0.004	0.426	0.000	0.182
sad	0.339	0.000	0.027	0.002	0.451	0.000	0.181
sad	0.331	0.000	0.015	0.002	0.497	0.000	0.154
sad	0.273	0.001	0.036	0.004	0.488	0.000	0.197
sad	0.396	0.001	0.019	0.002	0.466	0.000	0.116
sad	0.304	0.001	0.025	0.003	0.404	0.000	0.263
angry	0.447	0.000	0.024	0.004	0.385	0.001	0.139
sad	0.331	0.000	0.023	0.003	0.447	0.000	0.194
angry	0.380	0.002	0.028	0.052	0.299	0.001	0.240
happy	0.018	0.000	0.001	0.905	0.008	0.000	0.068
happy	0.002	0.000	0.000	0.986	0.001	0.000	0.011
happy	0.002	0.000	0.000	0.983	0.001	0.000	0.014
happy	0.001	0.000	0.000	0.991	0.000	0.000	0.008
happy	0.001	0.000	0.000	0.989	0.000	0.000	0.010
happy	0.001	0.000	0.000	0.985	0.000	0.000	0.013
happy	0.002	0.000	0.000	0.976	0.001	0.000	0.021
happy	0.002	0.000	0.000	0.985	0.001	0.000	0.013
happy	0.001	0.000	0.000	0.983	0.000	0.000	0.015
happy	0.002	0.000	0.000	0.980	0.001	0.000	0.016
happy	0.001	0.000	0.000	0.976	0.000	0.000	0.022
happy	0.003	0.000	0.000	0.979	0.001	0.000	0.016
happy	0.003	0.000	0.000	0.961	0.002	0.000	0.034
happy	0.001	0.000	0.000	0.981	0.001	0.000	0.017
happy	0.003	0.000	0.000	0.976	0.001	0.000	0.020
happy	0.002	0.000	0.000	0.987	0.001	0.000	0.010
happy	0.003	0.000	0.000	0.967	0.002	0.000	0.027
happy	0.004	0.000	0.000	0.978	0.001	0.000	0.016
happy	0.003	0.000	0.000	0.966	0.002	0.000	0.029
happy	0.003	0.000	0.000	0.961	0.001	0.000	0.035
happy	0.002	0.000	0.000	0.979	0.001	0.000	0.018
happy	0.001	0.000	0.000	0.978	0.001	0.000	0.020
happy	0.002	0.000	0.000	0.975	0.001	0.000	0.022
happy	0.003	0.000	0.000	0.976	0.001	0.000	0.021
happy	0.001	0.000	0.000	0.991	0.000	0.000	0.008
happy	0.001	0.000	0.000	0.988	0.000	0.000	0.011
happy	0.000	0.000	0.000	0.992	0.000	0.000	0.008
happy	0.001	0.000	0.000	0.987	0.000	0.000	0.012
happy	0.001	0.000	0.000	0.987	0.000	0.000	0.012
happy	0.001	0.000	0.000	0.989	0.000	0.000	0.010
happy	0.001	0.000	0.000	0.992	0.000	0.000	0.007
happy	0.001	0.000	0.000	0.987	0.000	0.000	0.012
happy	0.001	0.000	0.000	0.986	0.000	0.000	0.012
happy	0.001	0.000	0.000	0.990	0.000	0.000	0.009
happy	0.001	0.000	0.000	0.988	0.000	0.000	0.011
happy	0.001	0.000	0.000	0.987	0.000	0.000	0.012
happy	0.001	0.000	0.000	0.990	0.000	0.000	0.009
happy	0.001	0.000	0.000	0.985	0.000	0.000	0.013
happy	0.001	0.000	0.000	0.981	0.000	0.000	0.017
happy	0.001	0.000	0.000	0.976	0.000	0.000	0.022
happy	0.001	0.000	0.000	0.987	0.000	0.000	0.012
happy	0.000	0.000	0.000	0.997	0.000	0.000	0.003
happy	0.000	0.000	0.000	0.999	0.000	0.000	0.001
happy	0.000	0.000	0.000	0.999	0.000	0.000	0.001
happy	0.000	0.000	0.000	0.999	0.000	0.000	0.001
happy	0.000	0.000	0.000	1.000	0.000	0.000	0.000
happy	0.000	0.000	0.000	0.999	0.000	0.000	0.001
happy	0.000	0.000	0.000	0.999	0.000	0.000	0.001
happy	0.000	0.000	0.000	0.999	0.000	0.000	0.001
happy	0.000	0.000	0.000	0.994	0.000	0.000	0.005
happy	0.006	0.000	0.001	0.934	0.005	0.000	0.055
happy	0.011	0.000	0.001	0.888	0.008	0.000	0.091
happy	0.034	0.000	0.003	0.758	0.026	0.000	0.179
happy	0.028	0.000	0.003	0.806	0.017	0.000	0.146
happy	0.017	0.000	0.002	0.856	0.010	0.000	0.115
happy	0.198	0.000	0.009	0.448	0.080	0.002	0.263
happy	0.062	0.000	0.005	0.689	0.029	0.001	0.214
happy	0.090	0.000	0.006	0.536	0.039	0.001	0.328
happy	0.065	0.000	0.006	0.680	0.030	0.001	0.218
happy	0.073	0.000	0.006	0.695	0.024	0.001	0.200
happy	0.178	0.000	0.012	0.394	0.074	0.001	0.341
neutral	0.154	0.001	0.012	0.351	0.118	0.000	0.365
happy	0.154	0.001	0.013	0.386	0.133	0.001	0.313
happy	0.026	0.000	0.002	0.859	0.022	0.000	0.091
happy	0.007	0.000	0.000	0.953	0.004	0.000	0.035
happy	0.027	0.000	0.002	0.850	0.015	0.000	0.106
happy	0.022	0.000	0.001	0.879	0.012	0.000	0.086
happy	0.029	0.000	0.002	0.873	0.019	0.000	0.077
happy	0.017	0.000	0.002	0.862	0.011	0.000	0.107
happy	0.019	0.000	0.002	0.899	0.011	0.000	0.070
happy	0.022	0.000	0.002	0.884	0.013	0.000	0.079
happy	0.036	0.000	0.002	0.848	0.019	0.000	0.094
happy	0.062	0.000	0.004	0.738	0.026	0.000	0.170
happy	0.037	0.000	0.004	0.768	0.021	0.000	0.170
happy	0.012	0.000	0.001	0.905	0.007	0.000	0.075
happy	0.020	0.000	0.001	0.911	0.012	0.000	0.055
happy	0.013	0.000	0.001	0.913	0.008	0.000	0.064
happy	0.028	0.000	0.003	0.853	0.018	0.000	0.097
happy	0.023	0.000	0.002	0.880	0.014	0.000	0.080
happy	0.019	0.000	0.001	0.850	0.011	0.000	0.118
happy	0.015	0.000	0.001	0.888	0.005	0.000	0.090
happy	0.007	0.000	0.000	0.951	0.003	0.000	0.039
happy	0.030	0.000	0.002	0.845	0.016	0.000	0.107
happy	0.031	0.000	0.002	0.835	0.017	0.000	0.114
happy	0.033	0.000	0.002	0.841	0.017	0.001	0.107
happy	0.013	0.000	0.001	0.890	0.008	0.000	0.087
happy	0.055	0.000	0.002	0.740	0.017	0.000	0.185
happy	0.058	0.000	0.003	0.731	0.025	0.000	0.183
happy	0.061	0.000	0.004	0.717	0.025	0.000	0.193
happy	0.122	0.000	0.010	0.502	0.053	0.001	0.312
neutral	0.175	0.000	0.012	0.345	0.106	0.001	0.362
happy	0.196	0.001	0.009	0.451	0.064	0.001	0.278
happy	0.172	0.001	0.018	0.370	0.108	0.002	0.330
neutral	0.197	0.001	0.015	0.214	0.181	0.003	0.389
neutral	0.277	0.002	0.018	0.116	0.235	0.002	0.350
angry	0.301	0.003	0.019	0.229	0.152	0.001	0.295
neutral	0.199	0.001	0.022	0.257	0.145	0.003	0.374
neutral	0.153	0.001	0.012	0.239	0.105	0.001	0.489
happy	0.156	0.001	0.015	0.380	0.120	0.001	0.327
neutral	0.149	0.000	0.018	0.360	0.098	0.002	0.373
neutral	0.225	0.002	0.018	0.256	0.147	0.001	0.350
neutral	0.154	0.001	0.013	0.371	0.068	0.001	0.392
neutral	0.197	0.001	0.017	0.301	0.093	0.001	0.390
happy	0.163	0.001	0.012	0.408	0.062	0.001	0.353
happy	0.111	0.001	0.010	0.513	0.059	0.001	0.305
happy	0.094	0.000	0.008	0.551	0.033	0.001	0.313
happy	0.208	0.001	0.010	0.428	0.083	0.001	0.270
happy	0.133	0.000	0.008	0.536	0.043	0.000	0.279
happy	0.077	0.000	0.004	0.700	0.018	0.000	0.200
happy	0.050	0.000	0.005	0.797	0.015	0.000	0.133
happy	0.163	0.001	0.009	0.519	0.067	0.001	0.240
happy	0.058	0.000	0.004	0.748	0.027	0.000	0.163
happy	0.071	0.000	0.007	0.691	0.024	0.000	0.207
happy	0.133	0.002	0.010	0.451	0.107	0.000	0.296
happy	0.098	0.001	0.009	0.539	0.051	0.000	0.302
happy	0.114	0.001	0.012	0.418	0.060	0.001	0.395
neutral	0.194	0.000	0.018	0.271	0.123	0.001	0.393
neutral	0.237	0.000	0.029	0.119	0.246	0.001	0.367
neutral	0.308	0.001	0.033	0.058	0.273	0.001	0.327
neutral	0.166	0.001	0.023	0.159	0.186	0.000	0.463
angry	0.333	0.000	0.035	0.051	0.286	0.001	0.294
neutral	0.225	0.000	0.032	0.081	0.244	0.001	0.417
neutral	0.303	0.001	0.022	0.074	0.164	0.001	0.435
neutral	0.264	0.000	0.031	0.058	0.225	0.001	0.421
neutral	0.292	0.001	0.031	0.067	0.218	0.001	0.390
angry	0.428	0.000	0.042	0.042	0.250	0.002	0.235
neutral	0.288	0.001	0.024	0.049	0.233	0.000	0.404
angry	0.445	0.000	0.043	0.030	0.217	0.001	0.264
neutral	0.288	0.001	0.023	0.044	0.234	0.000	0.410
neutral	0.288	0.000	0.029	0.055	0.208	0.001	0.419
neutral	0.267	0.001	0.043	0.044	0.219	0.002	0.425
angry	0.567	0.001	0.042	0.047	0.130	0.001	0.211
sad	0.333	0.000	0.038	0.023	0.360	0.001	0.245
angry	0.350	0.000	0.046	0.025	0.302	0.001	0.276
angry	0.367	0.000	0.046	0.018	0.296	0.001	0.271
angry	0.342	0.001	0.031	0.025	0.295	0.001	0.305
angry	0.356	0.000	0.043	0.026	0.318	0.001	0.256
neutral	0.235	0.000	0.048	0.034	0.295	0.001	0.387
neutral	0.305	0.001	0.027	0.063	0.267	0.001	0.337
angry	0.375	0.001	0.035	0.031	0.245	0.001	0.313
neutral	0.238	0.000	0.034	0.068	0.250	0.000	0.408
neutral	0.231	0.001	0.030	0.099	0.147	0.001	0.492
neutral	0.344	0.000	0.029	0.064	0.218	0.001	0.345
angry	0.409	0.001	0.033	0.065	0.165	0.001	0.326
neutral	0.247	0.000	0.030	0.112	0.143	0.001	0.466
neutral	0.248	0.000	0.024	0.085	0.145	0.001	0.497
neutral	0.314	0.001	0.038	0.083	0.203	0.001	0.359
neutral	0.316	0.001	0.049	0.068	0.222	0.001	0.343
neutral	0.293	0.000	0.033	0.024	0.276	0.000	0.374
neutral	0.310	0.001	0.050	0.088	0.147	0.001	0.402
neutral	0.281	0.000	0.031	0.064	0.187	0.001	0.436
neutral	0.307	0.001	0.032	0.029	0.300	0.000	0.331
angry	0.337	0.003	0.031	0.044	0.273	0.001	0.311
neutral	0.325	0.000	0.028	0.040	0.135	0.000	0.472
neutral	0.256	0.001	0.031	0.041	0.212	0.001	0.459
neutral	0.258	0.001	0.039	0.076	0.165	0.001	0.460
neutral	0.290	0.001	0.030	0.034	0.231	0.001	0.413
neutral	0.321	0.000	0.037	0.042	0.223	0.001	0.375
neutral	0.308	0.000	0.065	0.058	0.193	0.001	0.374
neutral	0.261	0.000	0.034	0.025	0.271	0.001	0.408
neutral	0.259	0.000	0.039	0.038	0.267	0.001	0.396
angry	0.347	0.001	0.035	0.033	0.242	0.001	0.342
neutral	0.270	0.001	0.035	0.050	0.235	0.001	0.408
neutral	0.345	0.001	0.030	0.027	0.243	0.001	0.352
neutral	0.230	0.001	0.037	0.063	0.214	0.001	0.453
angry	0.394	0.001	0.020	0.032	0.197	0.001	0.356
angry	0.461	0.001	0.025	0.022	0.221	0.001	0.270
neutral	0.306	0.001	0.036	0.056	0.202	0.001	0.399
neutral	0.309	0.001	0.027	0.080	0.203	0.001	0.379
neutral	0.289	0.001	0.042	0.052	0.211	0.001	0.404
angry	0.416	0.001	0.029	0.025	0.210	0.001	0.318
neutral	0.347	0.001	0.026	0.067	0.181	0.001	0.377
angry	0.375	0.001	0.026	0.044	0.189	0.001	0.364
neutral	0.354	0.001	0.026	0.046	0.210	0.001	0.362
neutral	0.224	0.000	0.025	0.054	0.187	0.001	0.509
neutral	0.256	0.002	0.034	0.091	0.179	0.001	0.437
neutral	0.266	0.001	0.030	0.032	0.271	0.000	0.400
angry	0.398	0.002	0.044	0.039	0.217	0.001	0.298
neutral	0.201	0.000	0.027	0.040	0.212	0.001	0.519
neutral	0.251	0.001	0.025	0.059	0.198	0.000	0.465
neutral	0.307	0.002	0.030	0.057	0.205	0.001	0.398
neutral	0.296	0.001	0.026	0.063	0.209	0.001	0.404
neutral	0.229	0.000	0.023	0.068	0.161	0.000	0.518
neutral	0.336	0.001	0.037	0.057	0.158	0.001	0.410
angry	0.376	0.002	0.035	0.092	0.131	0.001	0.363
neutral	0.254	0.001	0.030	0.095	0.179	0.001	0.440
neutral	0.259	0.001	0.028	0.047	0.197	0.000	0.467
neutral	0.294	0.001	0.026	0.070	0.204	0.001	0.404
neutral	0.303	0.001	0.029	0.071	0.162	0.001	0.433
angry	0.414	0.002	0.026	0.048	0.162	0.001	0.347
neutral	0.339	0.001	0.041	0.059	0.200	0.000	0.359
neutral	0.266	0.001	0.035	0.106	0.125	0.001	0.466
neutral	0.217	0.001	0.023	0.133	0.115	0.001	0.510
neutral	0.206	0.001	0.028	0.185	0.105	0.001	0.474
neutral	0.312	0.001	0.035	0.073	0.143	0.001	0.435
neutral	0.242	0.001	0.037	0.107	0.148	0.000	0.466
neutral	0.188	0.001	0.021	0.238	0.093	0.001	0.458
neutral	0.287	0.002	0.027	0.140	0.114	0.001	0.430
neutral	0.208	0.001	0.021	0.249	0.094	0.001	0.427
neutral	0.259	0.001	0.018	0.235	0.068	0.001	0.418
happy	0.191	0.001	0.017	0.404	0.067	0.001	0.319
neutral	0.208	0.001	0.019	0.283	0.073	0.001	0.416
neutral	0.144	0.001	0.015	0.388	0.056	0.001	0.395
happy	0.129	0.001	0.012	0.408	0.042	0.001	0.408
neutral	0.162	0.001	0.015	0.357	0.071	0.001	0.393
neutral	0.150	0.001	0.014	0.367	0.053	0.001	0.414
neutral	0.130	0.001	0.012	0.364	0.061	0.001	0.431
happy	0.105	0.000	0.006	0.591	0.024	0.000	0.272
happy	0.109	0.000	0.006	0.572	0.019	0.000	0.293
happy	0.096	0.001	0.010	0.544	0.028	0.001	0.321
happy	0.160	0.001	0.017	0.461	0.049	0.001	0.312
happy	0.130	0.000	0.014	0.509	0.038	0.001	0.308
happy	0.077	0.000	0.005	0.686	0.015	0.000	0.217
neutral	0.145	0.000	0.020	0.364	0.061	0.001	0.409
neutral	0.116	0.000	0.018	0.390	0.056	0.001	0.418
neutral	0.123	0.000	0.012	0.393	0.050	0.001	0.420
happy	0.148	0.000	0.009	0.489	0.028	0.001	0.326
happy	0.153	0.000	0.008	0.508	0.038	0.001	0.292
neutral	0.197	0.000	0.014	0.314	0.061	0.001	0.413
happy	0.105	0.000	0.005	0.498	0.025	0.000	0.366
happy	0.219	0.000	0.017	0.386	0.046	0.001	0.331
happy	0.115	0.000	0.010	0.635	0.029	0.001	0.210
neutral	0.142	0.000	0.010	0.398	0.034	0.001	0.416
happy	0.108	0.000	0.014	0.564	0.036	0.001	0.276
happy	0.124	0.000	0.007	0.528	0.024	0.001	0.316
happy	0.088	0.000	0.008	0.662	0.023	0.001	0.218
happy	0.173	0.000	0.014	0.402	0.050	0.001	0.360
happy	0.063	0.000	0.005	0.765	0.019	0.001	0.147
happy	0.071	0.000	0.007	0.698	0.019	0.001	0.204
happy	0.087	0.000	0.007	0.670	0.017	0.001	0.218
happy	0.137	0.000	0.012	0.587	0.032	0.001	0.232
happy	0.155	0.000	0.016	0.483	0.060	0.001	0.284
happy	0.129	0.000	0.009	0.515	0.031	0.001	0.314
happy	0.222	0.001	0.014	0.482	0.043	0.001	0.237
happy	0.119	0.000	0.012	0.529	0.031	0.001	0.309
happy	0.118	0.000	0.011	0.568	0.031	0.001	0.271
happy	0.185	0.001	0.020	0.431	0.057	0.001	0.306
happy	0.168	0.001	0.020	0.392	0.063	0.001	0.355
neutral	0.283	0.001	0.025	0.268	0.090	0.001	0.331
happy	0.192	0.001	0.032	0.380	0.081	0.001	0.314
happy	0.164	0.000	0.017	0.458	0.058	0.001	0.302
happy	0.106	0.000	0.012	0.540	0.040	0.000	0.300
happy	0.177	0.001	0.018	0.457	0.059	0.000	0.288
happy	0.217	0.001	0.023	0.393	0.068	0.001	0.298
happy	0.155	0.001	0.017	0.405	0.057	0.001	0.364
neutral	0.243	0.001	0.017	0.242	0.098	0.000	0.399
neutral	0.158	0.001	0.012	0.341	0.062	0.001	0.425
happy	0.170	0.001	0.015	0.419	0.055	0.001	0.339
happy	0.139	0.001	0.013	0.452	0.042	0.001	0.352
happy	0.136	0.001	0.014	0.499	0.040	0.001	0.309
happy	0.130	0.001	0.015	0.562	0.046	0.000	0.246
happy	0.101	0.000	0.011	0.569	0.037	0.001	0.282
happy	0.169	0.000	0.011	0.515	0.049	0.001	0.255
neutral	0.186	0.001	0.019	0.308	0.073	0.001	0.413
happy	0.143	0.000	0.012	0.495	0.038	0.001	0.311
happy	0.173	0.001	0.017	0.441	0.045	0.001	0.322
happy	0.168	0.001	0.012	0.427	0.039	0.001	0.353
happy	0.156	0.000	0.017	0.468	0.058	0.001	0.300
neutral	0.156	0.000	0.015	0.386	0.047	0.001	0.395
happy	0.131	0.001	0.015	0.475	0.050	0.001	0.329
happy	0.028	0.000	0.004	0.839	0.010	0.000	0.118
happy	0.037	0.000	0.005	0.822	0.008	0.000	0.127
happy	0.011	0.000	0.002	0.874	0.004	0.000	0.110
happy	0.007	0.000	0.001	0.914	0.002	0.000	0.077
happy	0.005	0.000	0.000	0.966	0.001	0.000	0.028
happy	0.001	0.000	0.000	0.987	0.000	0.000	0.011
happy	0.001	0.000	0.000	0.991	0.000	0.000	0.008
happy	0.001	0.000	0.000	0.993	0.000	0.000	0.007
happy	0.000	0.000	0.000	0.997	0.000	0.000	0.003
happy	0.000	0.000	0.000	0.999	0.000	0.000	0.001
happy	0.000	0.000	0.000	0.998	0.000	0.000	0.002
happy	0.000	0.000	0.000	0.999	0.000	0.000	0.001
happy	0.000	0.000	0.000	0.998	0.000	0.000	0.002
happy	0.000	0.000	0.000	0.999	0.000	0.000	0.001
happy	0.000	0.000	0.000	0.999	0.000	0.000	0.001
happy	0.000	0.000	0.000	0.997	0.000	0.000	0.003
happy	0.000	0.000	0.000	0.996	0.000	0.000	0.004
happy	0.000	0.000	0.000	0.996	0.000	0.000	0.004
happy	0.000	0.000	0.000	0.994	0.000	0.000	0.006
happy	0.001	0.000	0.000	0.992	0.000	0.000	0.007
happy	0.003	0.000	0.000	0.961	0.001	0.000	0.035
happy	0.009	0.000	0.001	0.882	0.004	0.000	0.104
happy	0.019	0.000	0.002	0.807	0.011	0.000	0.161
happy	0.013	0.000	0.001	0.904	0.005	0.000	0.077
happy	0.029	0.000	0.002	0.818	0.013	0.000	0.138
happy	0.037	0.000	0.003	0.763	0.014	0.000	0.183
happy	0.010	0.000	0.001	0.891	0.004	0.000	0.094
happy	0.017	0.000	0.001	0.857	0.007	0.000	0.117
happy	0.018	0.000	0.001	0.873	0.008	0.000	0.100
happy	0.017	0.000	0.001	0.890	0.007	0.000	0.085
happy	0.006	0.000	0.000	0.901	0.003	0.000	0.089
happy	0.013	0.000	0.001	0.896	0.006	0.000	0.084
happy	0.026	0.000	0.002	0.817	0.009	0.000	0.145
happy	0.010	0.000	0.001	0.946	0.004	0.000	0.039
happy	0.015	0.000	0.002	0.894	0.008	0.000	0.080
happy	0.054	0.000	0.005	0.640	0.022	0.000	0.278
happy	0.133	0.000	0.010	0.482	0.045	0.000	0.329
happy	0.144	0.000	0.014	0.491	0.039	0.001	0.310
happy	0.171	0.000	0.020	0.469	0.052	0.001	0.286
happy	0.070	0.000	0.009	0.650	0.020	0.000	0.250
happy	0.167	0.002	0.026	0.553	0.045	0.001	0.207
happy	0.145	0.001	0.026	0.475	0.061	0.001	0.292
happy	0.152	0.001	0.017	0.479	0.079	0.001	0.272
happy	0.080	0.000	0.015	0.601	0.041	0.000	0.262
neutral	0.190	0.001	0.020	0.345	0.064	0.001	0.379
happy	0.091	0.001	0.020	0.651	0.033	0.001	0.203
happy	0.157	0.000	0.026	0.457	0.076	0.001	0.283
happy	0.111	0.001	0.012	0.576	0.029	0.001	0.271
neutral	0.185	0.000	0.018	0.291	0.070	0.001	0.435
neutral	0.207	0.000	0.021	0.312	0.059	0.001	0.399
neutral	0.195	0.000	0.018	0.266	0.078	0.001	0.442
neutral	0.278	0.001	0.026	0.262	0.095	0.001	0.337
neutral	0.217	0.001	0.026	0.301	0.079	0.002	0.376
happy	0.169	0.000	0.012	0.422	0.037	0.001	0.359
neutral	0.283	0.001	0.024	0.240	0.074	0.001	0.378
neutral	0.243	0.001	0.025	0.229	0.091	0.001	0.411
neutral	0.166	0.000	0.014	0.310	0.061	0.001	0.447
neutral	0.208	0.000	0.013	0.182	0.084	0.001	0.513
neutral	0.259	0.000	0.028	0.174	0.082	0.001	0.455
neutral	0.159	0.000	0.014	0.343	0.051	0.001	0.431
happy	0.232	0.000	0.019	0.435	0.046	0.001	0.266
happy	0.257	0.000	0.013	0.334	0.070	0.001	0.324
happy	0.110	0.000	0.007	0.535	0.031	0.000	0.316
neutral	0.154	0.000	0.014	0.342	0.048	0.001	0.440
neutral	0.175	0.000	0.013	0.381	0.047	0.001	0.382
happy	0.093	0.000	0.011	0.611	0.026	0.000	0.258
happy	0.135	0.000	0.016	0.519	0.049	0.000	0.279
happy	0.126	0.000	0.015	0.478	0.044	0.000	0.336
happy	0.183	0.000	0.014	0.460	0.048	0.001	0.294
happy	0.218	0.000	0.015	0.415	0.056	0.001	0.295
happy	0.196	0.000	0.028	0.484	0.051	0.001	0.240
happy	0.179	0.000	0.009	0.431	0.042	0.001	0.338
happy	0.213	0.000	0.022	0.407	0.049	0.001	0.307
happy	0.291	0.001	0.024	0.344	0.078	0.001	0.262
neutral	0.266	0.000	0.026	0.117	0.089	0.001	0.500
angry	0.441	0.001	0.029	0.080	0.118	0.001	0.331
neutral	0.205	0.000	0.023	0.329	0.061	0.001	0.380
neutral	0.306	0.001	0.013	0.182	0.090	0.001	0.407
neutral	0.335	0.000	0.014	0.100	0.113	0.001	0.437
neutral	0.272	0.001	0.015	0.233	0.085	0.001	0.393
neutral	0.279	0.001	0.019	0.177	0.101	0.001	0.422
neutral	0.358	0.001	0.019	0.147	0.099	0.001	0.376
angry	0.385	0.001	0.021	0.187	0.090	0.001	0.315
neutral	0.240	0.001	0.014	0.235	0.067	0.001	0.441
happy	0.258	0.001	0.031	0.406	0.047	0.001	0.257
neutral	0.310	0.001	0.020	0.222	0.085	0.001	0.360
neutral	0.292	0.001	0.017	0.293	0.046	0.001	0.351
neutral	0.212	0.000	0.025	0.241	0.054	0.001	0.466
neutral	0.282	0.000	0.026	0.204	0.065	0.001	0.421
neutral	0.279	0.001	0.016	0.248	0.054	0.001	0.402
happy	0.246	0.000	0.028	0.339	0.053	0.002	0.332
angry	0.356	0.001	0.018	0.205	0.071	0.001	0.348
happy	0.331	0.001	0.027	0.356	0.060	0.001	0.223
happy	0.193	0.001	0.020	0.482	0.044	0.001	0.261
neutral	0.191	0.000	0.016	0.208	0.048	0.001	0.535
neutral	0.265	0.000	0.023	0.251	0.051	0.002	0.407
happy	0.171	0.001	0.016	0.543	0.029	0.001	0.240
happy	0.249	0.001	0.016	0.443	0.038	0.001	0.253
happy	0.100	0.000	0.010	0.652	0.021	0.001	0.216
neutral	0.234	0.000	0.021	0.261	0.062	0.001	0.420
happy	0.156	0.000	0.010	0.560	0.026	0.001	0.248
happy	0.096	0.000	0.019	0.525	0.032	0.001	0.326
happy	0.100	0.000	0.010	0.638	0.022	0.001	0.229
neutral	0.181	0.000	0.019	0.240	0.054	0.001	0.504
happy	0.129	0.000	0.010	0.556	0.023	0.001	0.282
happy	0.234	0.001	0.012	0.364	0.047	0.000	0.342
happy	0.083	0.000	0.007	0.564	0.020	0.000	0.325
happy	0.239	0.001	0.025	0.373	0.056	0.001	0.305
happy	0.204	0.001	0.023	0.428	0.057	0.000	0.287
happy	0.138	0.001	0.023	0.471	0.047	0.000	0.319
happy	0.232	0.001	0.017	0.350	0.053	0.000	0.347
happy	0.115	0.000	0.014	0.602	0.034	0.000	0.234
happy	0.229	0.001	0.018	0.450	0.043	0.001	0.259
happy	0.182	0.001	0.017	0.445	0.043	0.001	0.313
happy	0.156	0.000	0.016	0.544	0.033	0.001	0.251
neutral	0.219	0.000	0.018	0.313	0.044	0.001	0.405
neutral	0.213	0.000	0.017	0.269	0.060	0.001	0.440
neutral	0.213	0.000	0.016	0.323	0.057	0.001	0.389
neutral	0.301	0.000	0.017	0.166	0.072	0.001	0.443
happy	0.150	0.000	0.022	0.429	0.038	0.001	0.360
neutral	0.276	0.000	0.024	0.131	0.071	0.001	0.497
neutral	0.313	0.001	0.034	0.194	0.081	0.001	0.376
neutral	0.263	0.001	0.018	0.304	0.068	0.001	0.345
neutral	0.353	0.001	0.024	0.114	0.111	0.001	0.397
neutral	0.284	0.001	0.023	0.142	0.109	0.001	0.441
neutral	0.308	0.000	0.024	0.207	0.081	0.001	0.378
angry	0.396	0.000	0.019	0.110	0.083	0.001	0.391
neutral	0.341	0.001	0.021	0.100	0.093	0.001	0.444
angry	0.382	0.001	0.035	0.162	0.101	0.001	0.318
neutral	0.353	0.001	0.024	0.150	0.087	0.001	0.384
neutral	0.323	0.000	0.021	0.185	0.062	0.001	0.408
neutral	0.368	0.000	0.021	0.092	0.089	0.001	0.428
neutral	0.370	0.000	0.037	0.107	0.094	0.001	0.391
neutral	0.358	0.001	0.018	0.118	0.091	0.001	0.414
neutral	0.386	0.001	0.017	0.114	0.096	0.001	0.386
neutral	0.251	0.001	0.017	0.237	0.084	0.001	0.409
neutral	0.295	0.001	0.019	0.246	0.081	0.001	0.357
neutral	0.327	0.001	0.025	0.211	0.096	0.001	0.340
angry	0.423	0.001	0.017	0.149	0.102	0.001	0.307
neutral	0.268	0.001	0.016	0.217	0.075	0.001	0.423
neutral	0.312	0.000	0.019	0.149	0.098	0.001	0.420
neutral	0.350	0.001	0.018	0.147	0.099	0.001	0.385
angry	0.360	0.002	0.031	0.109	0.138	0.001	0.358
angry	0.426	0.001	0.018	0.109	0.103	0.001	0.344
neutral	0.325	0.001	0.023	0.206	0.080	0.001	0.365
neutral	0.335	0.001	0.034	0.139	0.112	0.001	0.378
neutral	0.388	0.001	0.035	0.079	0.096	0.001	0.399
angry	0.390	0.001	0.056	0.142	0.129	0.001	0.280
happy	0.282	0.001	0.030	0.327	0.070	0.001	0.289
angry	0.383	0.001	0.026	0.110	0.127	0.001	0.352
neutral	0.247	0.001	0.032	0.233	0.093	0.001	0.393
angry	0.383	0.001	0.026	0.181	0.091	0.001	0.317
neutral	0.206	0.001	0.029	0.272	0.075	0.001	0.417
happy	0.263	0.001	0.021	0.364	0.046	0.001	0.304
angry	0.426	0.001	0.033	0.133	0.109	0.001	0.295
angry	0.324	0.001	0.027	0.280	0.064	0.001	0.302
angry	0.478	0.001	0.021	0.109	0.099	0.001	0.291
angry	0.431	0.002	0.041	0.166	0.094	0.001	0.265
angry	0.415	0.001	0.025	0.083	0.107	0.001	0.369
angry	0.450	0.001	0.031	0.085	0.139	0.001	0.293
angry	0.427	0.001	0.028	0.048	0.162	0.001	0.333
angry	0.462	0.001	0.023	0.090	0.093	0.001	0.330
angry	0.387	0.001	0.023	0.090	0.131	0.001	0.367
neutral	0.401	0.001	0.016	0.046	0.128	0.001	0.408
angry	0.525	0.001	0.015	0.035	0.098	0.001	0.327
angry	0.619	0.002	0.009	0.041	0.116	0.000	0.212
angry	0.480	0.002	0.018	0.048	0.131	0.000	0.321
angry	0.398	0.001	0.016	0.086	0.147	0.001	0.351
angry	0.449	0.001	0.016	0.055	0.138	0.000	0.341
angry	0.510	0.001	0.014	0.042	0.145	0.000	0.288
neutral	0.367	0.001	0.015	0.055	0.133	0.000	0.428
angry	0.462	0.002	0.014	0.068	0.165	0.000	0.289
angry	0.451	0.002	0.009	0.189	0.099	0.000	0.249
angry	0.453	0.001	0.014	0.134	0.140	0.001	0.257
angry	0.501	0.002	0.019	0.129	0.108	0.001	0.240
angry	0.430	0.001	0.013	0.152	0.142	0.001	0.261
angry	0.359	0.001	0.016	0.197	0.131	0.001	0.296
angry	0.338	0.001	0.013	0.187	0.144	0.000	0.316
angry	0.403	0.002	0.017	0.167	0.162	0.001	0.248
angry	0.373	0.002	0.021	0.098	0.179	0.001	0.327
angry	0.328	0.002	0.013	0.209	0.121	0.000	0.327
angry	0.456	0.001	0.027	0.105	0.127	0.001	0.284
angry	0.435	0.002	0.019	0.071	0.234	0.000	0.239
angry	0.336	0.001	0.019	0.160	0.166	0.000	0.317
angry	0.397	0.001	0.021	0.132	0.105	0.001	0.344
angry	0.422	0.001	0.024	0.100	0.125	0.000	0.328
happy	0.255	0.000	0.012	0.346	0.048	0.000	0.338
angry	0.380	0.001	0.016	0.230	0.138	0.001	0.235
happy	0.207	0.000	0.020	0.348	0.086	0.001	0.337
happy	0.197	0.001	0.012	0.529	0.061	0.000	0.200
happy	0.218	0.001	0.014	0.407	0.086	0.000	0.274
happy	0.190	0.001	0.008	0.494	0.052	0.000	0.255
happy	0.116	0.000	0.007	0.634	0.036	0.000	0.206
happy	0.026	0.000	0.002	0.867	0.007	0.000	0.098
happy	0.016	0.000	0.001	0.884	0.005	0.000	0.094
happy	0.012	0.000	0.001	0.929	0.003	0.000	0.055
happy	0.005	0.000	0.000	0.948	0.001	0.000	0.046
happy	0.004	0.000	0.000	0.965	0.001	0.000	0.031
happy	0.002	0.000	0.000	0.980	0.001	0.000	0.018
happy	0.001	0.000	0.000	0.988	0.000	0.000	0.011
happy	0.005	0.000	0.000	0.938	0.002	0.000	0.054
happy	0.002	0.000	0.000	0.978	0.000	0.000	0.019
happy	0.002	0.000	0.000	0.973	0.000	0.000	0.025
happy	0.005	0.000	0.000	0.956	0.001	0.000	0.038
happy	0.003	0.000	0.000	0.955	0.001	0.000	0.041
happy	0.010	0.000	0.000	0.904	0.002	0.000	0.084
happy	0.022	0.000	0.001	0.850	0.003	0.000	0.123
happy	0.009	0.000	0.001	0.899	0.002	0.000	0.090
happy	0.008	0.000	0.001	0.898	0.002	0.000	0.091
happy	0.013	0.000	0.001	0.881	0.002	0.000	0.103
happy	0.004	0.000	0.000	0.963	0.001	0.000	0.031
happy	0.005	0.000	0.001	0.951	0.001	0.000	0.042
happy	0.016	0.000	0.001	0.872	0.003	0.000	0.107
happy	0.006	0.000	0.001	0.933	0.002	0.000	0.059
happy	0.016	0.000	0.001	0.890	0.002	0.000	0.090
happy	0.009	0.000	0.001	0.910	0.002	0.000	0.078
happy	0.013	0.000	0.001	0.885	0.002	0.000	0.099
happy	0.007	0.000	0.001	0.953	0.001	0.000	0.038
happy	0.005	0.000	0.001	0.956	0.001	0.000	0.037
happy	0.006	0.000	0.001	0.935	0.001	0.000	0.057
happy	0.004	0.000	0.000	0.968	0.001	0.000	0.028
happy	0.001	0.000	0.000	0.985	0.000	0.000	0.013
happy	0.002	0.000	0.000	0.979	0.000	0.000	0.018
happy	0.002	0.000	0.000	0.982	0.000	0.000	0.016
happy	0.001	0.000	0.000	0.995	0.000	0.000	0.005
happy	0.001	0.000	0.000	0.995	0.000	0.000	0.004
happy	0.000	0.000	0.000	0.998	0.000	0.000	0.002
happy	0.000	0.000	0.000	0.998	0.000	0.000	0.001
happy	0.000	0.000	0.000	0.997	0.000	0.000	0.002
happy	0.000	0.000	0.000	0.999	0.000	0.000	0.001
happy	0.000	0.000	0.000	0.998	0.000	0.000	0.001
happy	0.000	0.000	0.000	0.999	0.000	0.000	0.001
happy	0.000	0.000	0.000	0.999	0.000	0.000	0.001
happy	0.000	0.000	0.000	0.999	0.000	0.000	0.001
happy	0.000	0.000	0.000	0.997	0.000	0.000	0.003
happy	0.002	0.000	0.000	0.987	0.000	0.000	0.011
happy	0.002	0.000	0.000	0.975	0.000	0.000	0.022
happy	0.004	0.000	0.000	0.962	0.001	0.000	0.034
happy	0.006	0.000	0.001	0.973	0.001	0.000	0.019
happy	0.007	0.000	0.001	0.966	0.001	0.000	0.024
happy	0.008	0.000	0.001	0.966	0.001	0.000	0.023
happy	0.009	0.000	0.001	0.951	0.002	0.000	0.036
happy	0.005	0.000	0.001	0.946	0.002	0.000	0.046
happy	0.003	0.000	0.000	0.972	0.000	0.000	0.023
happy	0.002	0.000	0.000	0.988	0.000	0.000	0.010
happy	0.000	0.000	0.000	0.997	0.000	0.000	0.002
happy	0.003	0.000	0.000	0.980	0.001	0.000	0.015
happy	0.003	0.000	0.000	0.983	0.001	0.000	0.013
happy	0.003	0.000	0.000	0.981	0.001	0.000	0.015
happy	0.002	0.000	0.000	0.986	0.000	0.000	0.012
happy	0.002	0.000	0.000	0.986	0.000	0.000	0.012
happy	0.001	0.000	0.000	0.994	0.000	0.000	0.005
happy	0.000	0.000	0.000	0.997	0.000	0.000	0.003
happy	0.000	0.000	0.000	0.999	0.000	0.000	0.001
happy	0.000	0.000	0.000	0.999	0.000	0.000	0.001
happy	0.000	0.000	0.000	0.999	0.000	0.000	0.001
happy	0.000	0.000	0.000	0.995	0.000	0.000	0.004
happy	0.000	0.000	0.000	0.998	0.000	0.000	0.001
happy	0.000	0.000	0.000	0.998	0.000	0.000	0.002
happy	0.000	0.000	0.000	0.996	0.000	0.000	0.003
happy	0.000	0.000	0.000	0.998	0.000	0.000	0.002
happy	0.000	0.000	0.000	0.998	0.000	0.000	0.001
happy	0.000	0.000	0.000	0.997	0.000	0.000	0.003
happy	0.000	0.000	0.000	0.999	0.000	0.000	0.001
happy	0.000	0.000	0.000	0.999	0.000	0.000	0.001
happy	0.000	0.000	0.000	0.999	0.000	0.000	0.001
happy	0.000	0.000	0.000	0.999	0.000	0.000	0.000
happy	0.000	0.000	0.000	0.999	0.000	0.000	0.001
happy	0.000	0.000	0.000	1.000	0.000	0.000	0.000
happy	0.000	0.000	0.000	0.999	0.000	0.000	0.001
happy	0.000	0.000	0.000	1.000	0.000	0.000	0.000
happy	0.000	0.000	0.000	1.000	0.000	0.000	0.000
happy	0.000	0.000	0.000	0.999	0.000	0.000	0.000
happy	0.000	0.000	0.000	0.999	0.000	0.000	0.001
happy	0.000	0.000	0.000	1.000	0.000	0.000	0.000
happy	0.000	0.000	0.000	1.000	0.000	0.000	0.000
happy	0.000	0.000	0.000	0.999	0.000	0.000	0.001
happy	0.000	0.000	0.000	0.999	0.000	0.000	0.000
happy	0.000	0.000	0.000	1.000	0.000	0.000	0.000
happy	0.000	0.000	0.000	1.000	0.000	0.000	0.000
happy	0.000	0.000	0.000	1.000	0.000	0.000	0.000
happy	0.000	0.000	0.000	1.000	0.000	0.000	0.000
happy	0.000	0.000	0.000	1.000	0.000	0.000	0.000
happy	0.000	0.000	0.000	1.000	0.000	0.000	0.000
happy	0.000	0.000	0.000	1.000	0.000	0.000	0.000
happy	0.000	0.000	0.000	1.000	0.000	0.000	0.000
happy	0.000	0.000	0.000	1.000	0.000	0.000	0.000
happy	0.000	0.000	0.000	1.000	0.000	0.000	0.000
happy	0.000	0.000	0.000	1.000	0.000	0.000	0.000
happy	0.000	0.000	0.000	1.000	0.000	0.000	0.000
happy	0.000	0.000	0.000	1.000	0.000	0.000	0.000
happy	0.000	0.000	0.000	1.000	0.000	0.000	0.000
happy	0.000	0.000	0.000	1.000	0.000	0.000	0.000
happy	0.000	0.000	0.000	1.000	0.000	0.000	0.000
happy	0.000	0.000	0.000	1.000	0.000	0.000	0.000
happy	0.000	0.000	0.000	1.000	0.000	0.000	0.000
happy	0.000	0.000	0.000	1.000	0.000	0.000	0.000
happy	0.000	0.000	0.000	1.000	0.000	0.000	0.000
happy	0.000	0.000	0.000	1.000	0.000	0.000	0.000
happy	0.000	0.000	0.000	1.000	0.000	0.000	0.000
happy	0.000	0.000	0.000	1.000	0.000	0.000	0.000
happy	0.000	0.000	0.000	1.000	0.000	0.000	0.000
happy	0.000	0.000	0.000	1.000	0.000	0.000	0.000
happy	0.000	0.000	0.000	1.000	0.000	0.000	0.000
happy	0.000	0.000	0.000	1.000	0.000	0.000	0.000
happy	0.000	0.000	0.000	1.000	0.000	0.000	0.000
happy	0.000	0.000	0.000	1.000	0.000	0.000	0.000
happy	0.000	0.000	0.000	1.000	0.000	0.000	0.000
happy	0.000	0.000	0.000	1.000	0.000	0.000	0.000
happy	0.000	0.000	0.000	1.000	0.000	0.000	0.000
happy	0.000	0.000	0.000	1.000	0.000	0.000	0.000
happy	0.000	0.000	0.000	1.000	0.000	0.000	0.000
happy	0.000	0.000	0.000	1.000	0.000	0.000	0.000
happy	0.000	0.000	0.000	1.000	0.000	0.000	0.000
happy	0.000	0.000	0.000	1.000	0.000	0.000	0.000
