prediction	angry	disgust	fear	happy	sad	surprise	neutral
neutral	0.022	0.000	0.014	0.001	0.045	0.212	0.705
neutral	0.013	0.000	0.034	0.002	0.045	0.226	0.681
neutral	0.031	0.000	0.030	0.002	0.047	0.415	0.475
neutral	0.011	0.000	0.033	0.004	0.074	0.203	0.675
neutral	0.052	0.000	0.035	0.012	0.084	0.404	0.412
surprise	0.005	0.000	0.035	0.001	0.039	0.511	0.409
neutral	0.058	0.001	0.028	0.028	0.129	0.066	0.689
neutral	0.040	0.001	0.019	0.019	0.177	0.049	0.696
neutral	0.085	0.002	0.058	0.012	0.234	0.151	0.457
neutral	0.182	0.009	0.080	0.012	0.302	0.064	0.352
sad	0.184	0.002	0.019	0.000	0.623	0.000	0.171
neutral	0.109	0.000	0.026	0.009	0.108	0.171	0.577
neutral	0.236	0.000	0.022	0.053	0.214	0.087	0.387
surprise	0.010	0.000	0.030	0.006	0.096	0.650	0.208
