prediction	angry	disgust	fear	happy	sad	surprise	neutral
sad	0.062	0.000	0.326	0.000	0.474	0.000	0.138
sad	0.064	0.000	0.360	0.000	0.395	0.000	0.180
fear	0.051	0.000	0.434	0.000	0.360	0.000	0.155
sad	0.052	0.000	0.338	0.000	0.484	0.000	0.126
sad	0.045	0.000	0.424	0.000	0.428	0.000	0.102
sad	0.076	0.000	0.293	0.000	0.521	0.000	0.110
fear	0.049	0.000	0.552	0.000	0.319	0.000	0.079
sad	0.050	0.000	0.373	0.000	0.461	0.000	0.116
sad	0.051	0.000	0.371	0.000	0.383	0.000	0.194
sad	0.052	0.000	0.376	0.000	0.412	0.000	0.160
fear	0.036	0.000	0.467	0.000	0.343	0.000	0.154
sad	0.052	0.000	0.373	0.000	0.446	0.000	0.129
fear	0.057	0.000	0.334	0.000	0.331	0.000	0.278
sad	0.066	0.000	0.349	0.000	0.463	0.000	0.123
fear	0.037	0.000	0.385	0.000	0.367	0.000	0.210
fear	0.044	0.000	0.369	0.000	0.341	0.000	0.245
fear	0.039	0.000	0.399	0.000	0.256	0.000	0.305
fear	0.071	0.000	0.341	0.000	0.340	0.000	0.247
fear	0.036	0.000	0.456	0.000	0.262	0.000	0.245
fear	0.055	0.000	0.357	0.000	0.343	0.000	0.244
fear	0.056	0.000	0.361	0.000	0.279	0.000	0.303
fear	0.047	0.000	0.363	0.000	0.310	0.000	0.281
fear	0.038	0.000	0.481	0.000	0.308	0.000	0.172
fear	0.025	0.000	0.514	0.000	0.206	0.000	0.255
fear	0.054	0.000	0.400	0.000	0.279	0.000	0.267
fear	0.040	0.000	0.484	0.000	0.195	0.000	0.281
fear	0.042	0.000	0.598	0.000	0.190	0.000	0.169
fear	0.054	0.000	0.523	0.000	0.314	0.000	0.108
fear	0.044	0.000	0.580	0.000	0.171	0.000	0.204
fear	0.057	0.000	0.637	0.000	0.186	0.000	0.120
fear	0.031	0.000	0.510	0.000	0.189	0.000	0.270
fear	0.017	0.000	0.780	0.000	0.138	0.000	0.064
fear	0.026	0.000	0.717	0.000	0.124	0.000	0.132
fear	0.027	0.000	0.624	0.000	0.180	0.000	0.169
fear	0.030	0.000	0.499	0.000	0.204	0.000	0.266
fear	0.035	0.000	0.570	0.000	0.168	0.000	0.227
fear	0.034	0.000	0.653	0.000	0.143	0.000	0.170
fear	0.037	0.000	0.602	0.000	0.155	0.000	0.205
fear	0.022	0.000	0.793	0.000	0.125	0.000	0.060
fear	0.030	0.000	0.528	0.000	0.180	0.000	0.262
fear	0.031	0.000	0.645	0.000	0.207	0.000	0.117
fear	0.040	0.000	0.618	0.000	0.221	0.000	0.121
fear	0.045	0.000	0.376	0.000	0.222	0.000	0.356
fear	0.034	0.000	0.403	0.000	0.198	0.000	0.364
fear	0.028	0.000	0.613	0.000	0.142	0.000	0.216
fear	0.041	0.000	0.394	0.000	0.201	0.000	0.363
neutral	0.041	0.000	0.324	0.001	0.262	0.000	0.372
fear	0.028	0.000	0.574	0.000	0.205	0.000	0.194
neutral	0.043	0.000	0.233	0.001	0.204	0.000	0.519
fear	0.039	0.000	0.470	0.000	0.198	0.000	0.292
fear	0.052	0.000	0.436	0.000	0.291	0.000	0.220
fear	0.047	0.000	0.414	0.000	0.203	0.000	0.336
sad	0.060	0.000	0.343	0.000	0.401	0.000	0.195
sad	0.073	0.000	0.253	0.000	0.411	0.000	0.262
sad	0.057	0.000	0.235	0.000	0.409	0.000	0.299
fear	0.059	0.000	0.455	0.000	0.399	0.000	0.087
sad	0.070	0.000	0.261	0.000	0.470	0.000	0.198
sad	0.063	0.000	0.264	0.000	0.533	0.000	0.141
sad	0.046	0.000	0.304	0.000	0.476	0.000	0.173
sad	0.069	0.000	0.354	0.000	0.405	0.000	0.171
fear	0.101	0.000	0.378	0.000	0.371	0.000	0.151
fear	0.090	0.000	0.435	0.000	0.375	0.000	0.099
sad	0.048	0.000	0.321	0.000	0.450	0.000	0.180
sad	0.078	0.000	0.384	0.000	0.468	0.000	0.070
sad	0.044	0.000	0.263	0.000	0.433	0.000	0.261
sad	0.046	0.000	0.257	0.000	0.563	0.000	0.134
sad	0.066	0.000	0.232	0.000	0.581	0.000	0.120
