prediction	angry	disgust	fear	happy	sad	surprise	neutral
sad	0.095	0.002	0.203	0.166	0.269	0.093	0.173
sad	0.295	0.000	0.036	0.167	0.449	0.005	0.048
fear	0.135	0.001	0.446	0.016	0.208	0.005	0.190
sad	0.202	0.000	0.151	0.008	0.387	0.003	0.249
sad	0.158	0.000	0.159	0.011	0.348	0.002	0.323
neutral	0.159	0.000	0.146	0.018	0.306	0.002	0.369
neutral	0.106	0.000	0.115	0.018	0.279	0.002	0.479
neutral	0.089	0.000	0.068	0.015	0.241	0.002	0.585
neutral	0.051	0.000	0.133	0.042	0.199	0.003	0.571
neutral	0.060	0.000	0.101	0.055	0.257	0.002	0.524
neutral	0.049	0.000	0.162	0.054	0.201	0.003	0.531
neutral	0.052	0.000	0.153	0.024	0.196	0.005	0.570
surprise	0.114	0.000	0.026	0.107	0.174	0.534	0.046
surprise	0.113	0.000	0.020	0.156	0.114	0.573	0.025
surprise	0.103	0.000	0.034	0.223	0.133	0.482	0.025
sad	0.101	0.000	0.038	0.240	0.402	0.114	0.104
happy	0.239	0.000	0.014	0.449	0.164	0.072	0.061
happy	0.295	0.000	0.042	0.310	0.168	0.120	0.065
surprise	0.066	0.000	0.243	0.060	0.170	0.447	0.013
neutral	0.076	0.000	0.068	0.012	0.283	0.007	0.554
surprise	0.149	0.000	0.028	0.078	0.115	0.592	0.038
neutral	0.056	0.000	0.030	0.006	0.330	0.004	0.573
neutral	0.067	0.000	0.255	0.012	0.223	0.007	0.436
fear	0.173	0.000	0.386	0.006	0.326	0.016	0.093
sad	0.121	0.001	0.028	0.014	0.625	0.004	0.208
