prediction	angry	disgust	fear	happy	sad	surprise	neutral
sad	0.223	0.000	0.021	0.022	0.415	0.000	0.319
sad	0.238	0.153	0.042	0.045	0.411	0.000	0.112
angry	0.523	0.063	0.050	0.031	0.234	0.001	0.098
neutral	0.183	0.000	0.016	0.001	0.385	0.028	0.386
sad	0.321	0.010	0.072	0.052	0.358	0.004	0.183
happy	0.238	0.016	0.039	0.337	0.149	0.002	0.220
angry	0.344	0.106	0.027	0.143	0.236	0.001	0.144
angry	0.355	0.031	0.063	0.073	0.343	0.002	0.132
neutral	0.138	0.001	0.034	0.060	0.273	0.001	0.492
sad	0.273	0.006	0.061	0.108	0.319	0.002	0.231
neutral	0.268	0.000	0.001	0.004	0.100	0.003	0.624
neutral	0.150	0.000	0.014	0.004	0.252	0.023	0.557
neutral	0.087	0.000	0.006	0.005	0.196	0.014	0.692
neutral	0.200	0.001	0.015	0.001	0.348	0.028	0.407
sad	0.132	0.000	0.012	0.000	0.551	0.018	0.286
sad	0.193	0.000	0.007	0.000	0.571	0.018	0.210
neutral	0.109	0.000	0.008	0.001	0.431	0.010	0.442
sad	0.209	0.000	0.009	0.000	0.494	0.015	0.273
sad	0.121	0.000	0.011	0.001	0.607	0.017	0.242
sad	0.237	0.002	0.129	0.004	0.554	0.008	0.066
angry	0.609	0.016	0.130	0.007	0.206	0.001	0.032
angry	0.699	0.054	0.005	0.002	0.219	0.000	0.021
angry	0.693	0.001	0.010	0.008	0.197	0.000	0.092
sad	0.354	0.001	0.023	0.039	0.392	0.000	0.191
sad	0.169	0.003	0.164	0.078	0.459	0.007	0.120
angry	0.339	0.001	0.282	0.032	0.293	0.007	0.046
sad	0.223	0.003	0.257	0.044	0.382	0.005	0.086
sad	0.330	0.003	0.076	0.066	0.386	0.000	0.138
sad	0.222	0.011	0.103	0.027	0.363	0.001	0.272
sad	0.242	0.006	0.089	0.028	0.342	0.001	0.293
angry	0.413	0.000	0.017	0.001	0.249	0.073	0.247
sad	0.300	0.006	0.048	0.031	0.365	0.001	0.250
neutral	0.291	0.000	0.001	0.004	0.294	0.005	0.405
angry	0.317	0.005	0.061	0.029	0.313	0.001	0.274
sad	0.221	0.000	0.031	0.007	0.586	0.026	0.128
sad	0.309	0.001	0.123	0.015	0.460	0.014	0.079
neutral	0.354	0.000	0.005	0.005	0.182	0.007	0.448
sad	0.239	0.004	0.050	0.016	0.525	0.019	0.147
sad	0.199	0.000	0.047	0.064	0.459	0.026	0.204
sad	0.253	0.001	0.053	0.023	0.465	0.009	0.197
sad	0.259	0.001	0.067	0.005	0.534	0.010	0.125
sad	0.194	0.004	0.100	0.021	0.527	0.015	0.139
neutral	0.135	0.000	0.002	0.005	0.093	0.003	0.763
neutral	0.155	0.000	0.004	0.008	0.146	0.003	0.683
sad	0.183	0.022	0.104	0.006	0.529	0.010	0.145
sad	0.238	0.010	0.088	0.012	0.562	0.010	0.080
sad	0.314	0.001	0.026	0.019	0.430	0.006	0.205
angry	0.536	0.006	0.109	0.163	0.124	0.002	0.061
angry	0.550	0.014	0.077	0.073	0.147	0.001	0.137
angry	0.516	0.003	0.088	0.049	0.258	0.005	0.081
sad	0.331	0.001	0.085	0.007	0.437	0.004	0.136
sad	0.281	0.007	0.114	0.097	0.350	0.005	0.146
sad	0.302	0.001	0.053	0.055	0.416	0.001	0.172
angry	0.387	0.014	0.190	0.035	0.306	0.003	0.066
sad	0.260	0.006	0.130	0.019	0.523	0.002	0.061
sad	0.275	0.003	0.062	0.101	0.405	0.001	0.153
angry	0.339	0.007	0.089	0.060	0.329	0.003	0.173
sad	0.131	0.007	0.133	0.023	0.515	0.001	0.190
angry	0.431	0.017	0.112	0.021	0.372	0.002	0.045
angry	0.562	0.011	0.033	0.152	0.199	0.004	0.038
sad	0.221	0.026	0.053	0.079	0.356	0.001	0.264
neutral	0.167	0.004	0.051	0.039	0.296	0.001	0.441
angry	0.539	0.018	0.064	0.018	0.200	0.000	0.161
angry	0.424	0.033	0.081	0.021	0.293	0.001	0.148
sad	0.235	0.005	0.072	0.011	0.427	0.003	0.248
sad	0.250	0.002	0.025	0.012	0.612	0.001	0.098
angry	0.629	0.003	0.017	0.002	0.320	0.000	0.030
sad	0.361	0.006	0.062	0.038	0.380	0.011	0.142
sad	0.360	0.003	0.072	0.020	0.425	0.008	0.112
neutral	0.161	0.000	0.006	0.001	0.174	0.050	0.608
sad	0.264	0.011	0.228	0.095	0.297	0.005	0.100
sad	0.248	0.015	0.205	0.053	0.392	0.010	0.076
neutral	0.100	0.000	0.009	0.001	0.175	0.003	0.711
angry	0.453	0.018	0.095	0.020	0.329	0.004	0.081
sad	0.259	0.041	0.094	0.024	0.468	0.002	0.111
angry	0.318	0.039	0.151	0.033	0.276	0.005	0.177
angry	0.297	0.005	0.082	0.153	0.184	0.006	0.273
