prediction	angry	disgust	fear	happy	sad	surprise	neutral
happy	0.033	0.000	0.017	0.391	0.178	0.007	0.373
neutral	0.060	0.000	0.018	0.200	0.211	0.003	0.508
neutral	0.059	0.000	0.019	0.195	0.134	0.005	0.587
neutral	0.031	0.000	0.022	0.227	0.130	0.008	0.582
neutral	0.031	0.000	0.037	0.282	0.096	0.019	0.536
neutral	0.041	0.000	0.049	0.272	0.173	0.012	0.453
neutral	0.035	0.000	0.042	0.262	0.115	0.016	0.531
neutral	0.046	0.000	0.034	0.264	0.202	0.006	0.447
neutral	0.046	0.000	0.035	0.195	0.244	0.004	0.476
neutral	0.039	0.000	0.034	0.276	0.183	0.006	0.463
neutral	0.054	0.000	0.045	0.298	0.205	0.005	0.393
neutral	0.058	0.000	0.021	0.261	0.240	0.000	0.420
neutral	0.074	0.000	0.015	0.269	0.248	0.000	0.393
happy	0.041	0.000	0.009	0.459	0.138	0.001	0.353
neutral	0.043	0.000	0.011	0.243	0.200	0.001	0.502
neutral	0.037	0.000	0.012	0.283	0.186	0.003	0.480
neutral	0.061	0.000	0.015	0.214	0.179	0.002	0.528
happy	0.031	0.000	0.012	0.479	0.071	0.002	0.405
happy	0.021	0.000	0.005	0.570	0.047	0.001	0.356
happy	0.021	0.000	0.005	0.823	0.041	0.000	0.110
happy	0.043	0.000	0.008	0.399	0.169	0.001	0.379
neutral	0.064	0.000	0.005	0.361	0.135	0.001	0.433
happy	0.031	0.000	0.003	0.694	0.056	0.001	0.214
happy	0.036	0.000	0.011	0.474	0.112	0.003	0.365
happy	0.032	0.000	0.007	0.436	0.130	0.002	0.393
happy	0.042	0.000	0.009	0.459	0.122	0.004	0.363
happy	0.049	0.000	0.012	0.559	0.092	0.005	0.283
neutral	0.068	0.000	0.014	0.258	0.121	0.007	0.532
