prediction	angry	disgust	fear	happy	sad	surprise	neutral
sad	0.125	0.026	0.208	0.035	0.338	0.223	0.045
happy	0.111	0.000	0.121	0.329	0.239	0.100	0.099
sad	0.182	0.000	0.117	0.117	0.376	0.043	0.166
sad	0.132	0.000	0.126	0.010	0.459	0.056	0.217
sad	0.065	0.000	0.092	0.006	0.617	0.027	0.193
sad	0.085	0.002	0.106	0.017	0.598	0.023	0.170
sad	0.110	0.001	0.079	0.030	0.571	0.013	0.197
sad	0.116	0.001	0.110	0.045	0.562	0.027	0.140
angry	0.346	0.002	0.264	0.035	0.233	0.095	0.024
angry	0.402	0.000	0.139	0.015	0.181	0.024	0.240
fear	0.105	0.012	0.410	0.024	0.375	0.042	0.032
sad	0.146	0.018	0.074	0.023	0.666	0.005	0.068
surprise	0.062	0.000	0.284	0.017	0.211	0.402	0.024
sad	0.101	0.000	0.136	0.024	0.556	0.087	0.096
sad	0.185	0.000	0.156	0.046	0.362	0.211	0.040
sad	0.178	0.000	0.193	0.007	0.347	0.165	0.110
angry	0.341	0.000	0.082	0.023	0.246	0.239	0.070
sad	0.298	0.000	0.031	0.060	0.460	0.080	0.071
sad	0.192	0.000	0.075	0.029	0.593	0.015	0.096
angry	0.592	0.000	0.025	0.031	0.185	0.081	0.086
angry	0.429	0.000	0.012	0.096	0.314	0.017	0.134
