prediction	angry	disgust	fear	happy	sad	surprise	neutral
neutral	0.064	0.000	0.198	0.061	0.332	0.004	0.341
sad	0.169	0.000	0.073	0.019	0.663	0.019	0.057
sad	0.085	0.000	0.031	0.004	0.843	0.001	0.037
sad	0.128	0.000	0.134	0.276	0.321	0.120	0.021
sad	0.026	0.000	0.021	0.005	0.910	0.002	0.035
sad	0.143	0.000	0.022	0.030	0.735	0.002	0.067
sad	0.128	0.000	0.022	0.027	0.757	0.002	0.065
sad	0.122	0.000	0.017	0.007	0.810	0.001	0.044
sad	0.134	0.000	0.042	0.008	0.712	0.002	0.101
sad	0.273	0.001	0.035	0.005	0.610	0.018	0.058
sad	0.101	0.000	0.039	0.014	0.803	0.003	0.040
sad	0.039	0.000	0.032	0.009	0.860	0.010	0.050
sad	0.086	0.000	0.073	0.272	0.301	0.238	0.030
happy	0.049	0.000	0.058	0.482	0.180	0.182	0.048
sad	0.047	0.000	0.228	0.177	0.312	0.211	0.024
sad	0.068	0.000	0.271	0.053	0.467	0.125	0.016
sad	0.048	0.000	0.212	0.068	0.483	0.168	0.020
sad	0.080	0.000	0.278	0.067	0.312	0.248	0.016
sad	0.040	0.000	0.262	0.168	0.448	0.067	0.014
angry	0.324	0.000	0.058	0.277	0.297	0.008	0.036
sad	0.064	0.002	0.126	0.229	0.531	0.037	0.012
sad	0.250	0.000	0.052	0.261	0.397	0.007	0.033
sad	0.290	0.000	0.043	0.219	0.397	0.007	0.044
happy	0.236	0.000	0.061	0.319	0.294	0.020	0.070
angry	0.333	0.000	0.049	0.267	0.308	0.011	0.032
sad	0.289	0.000	0.047	0.199	0.408	0.009	0.049
sad	0.223	0.000	0.057	0.116	0.553	0.008	0.044
angry	0.323	0.000	0.051	0.284	0.307	0.011	0.023
sad	0.060	0.000	0.311	0.057	0.544	0.023	0.006
happy	0.293	0.000	0.042	0.343	0.225	0.019	0.078
sad	0.052	0.000	0.346	0.043	0.417	0.133	0.010
sad	0.321	0.000	0.058	0.153	0.401	0.013	0.054
sad	0.055	0.000	0.313	0.040	0.554	0.027	0.011
sad	0.323	0.000	0.040	0.135	0.413	0.012	0.077
sad	0.048	0.000	0.233	0.064	0.605	0.037	0.012
sad	0.265	0.000	0.056	0.108	0.491	0.016	0.064
sad	0.039	0.000	0.191	0.045	0.673	0.038	0.013
