prediction	angry	disgust	fear	happy	sad	surprise	neutral
happy	0.056	0.000	0.203	0.365	0.055	0.189	0.132
happy	0.173	0.000	0.027	0.431	0.085	0.039	0.245
neutral	0.139	0.000	0.030	0.308	0.131	0.026	0.366
neutral	0.173	0.000	0.018	0.218	0.071	0.007	0.513
neutral	0.255	0.000	0.027	0.161	0.102	0.013	0.442
angry	0.399	0.000	0.033	0.187	0.151	0.004	0.227
angry	0.390	0.000	0.036	0.212	0.214	0.003	0.145
neutral	0.268	0.000	0.081	0.194	0.175	0.009	0.272
neutral	0.263	0.000	0.063	0.160	0.233	0.005	0.276
neutral	0.308	0.000	0.028	0.060	0.162	0.002	0.440
neutral	0.234	0.000	0.069	0.181	0.175	0.010	0.331
neutral	0.204	0.000	0.069	0.118	0.280	0.005	0.324
neutral	0.236	0.000	0.071	0.073	0.273	0.004	0.343
angry	0.305	0.000	0.059	0.044	0.287	0.004	0.301
neutral	0.275	0.001	0.043	0.051	0.299	0.001	0.330
