prediction	angry	disgust	fear	happy	sad	surprise	neutral
happy	0.009	0.001	0.022	0.959	0.004	0.003	0.003
happy	0.001	0.000	0.000	0.991	0.001	0.001	0.005
happy	0.001	0.000	0.000	0.992	0.001	0.001	0.005
happy	0.001	0.000	0.002	0.966	0.004	0.002	0.025
happy	0.001	0.000	0.000	0.991	0.001	0.001	0.006
happy	0.001	0.000	0.001	0.988	0.002	0.002	0.006
happy	0.001	0.000	0.001	0.972	0.004	0.001	0.022
happy	0.001	0.000	0.001	0.977	0.004	0.002	0.014
happy	0.001	0.000	0.002	0.969	0.006	0.002	0.020
happy	0.001	0.000	0.001	0.974	0.002	0.006	0.016
happy	0.002	0.000	0.001	0.969	0.008	0.008	0.012
sad	0.040	0.003	0.298	0.015	0.600	0.001	0.043
happy	0.001	0.000	0.002	0.974	0.002	0.007	0.013
sad	0.019	0.001	0.150	0.004	0.789	0.001	0.035
happy	0.004	0.000	0.003	0.932	0.007	0.020	0.035
sad	0.019	0.000	0.171	0.009	0.732	0.001	0.068
happy	0.001	0.000	0.003	0.948	0.004	0.012	0.031
sad	0.020	0.001	0.177	0.011	0.750	0.001	0.040
happy	0.004	0.000	0.005	0.911	0.010	0.028	0.042
sad	0.056	0.000	0.133	0.008	0.695	0.006	0.103
happy	0.017	0.000	0.073	0.831	0.020	0.010	0.049
