prediction	angry	disgust	fear	happy	sad	surprise	neutral
sad	0.055	0.003	0.096	0.000	0.755	0.001	0.090
sad	0.022	0.001	0.022	0.006	0.846	0.001	0.102
sad	0.028	0.002	0.043	0.006	0.866	0.001	0.055
sad	0.024	0.000	0.080	0.021	0.825	0.004	0.046
sad	0.027	0.000	0.087	0.012	0.849	0.005	0.019
sad	0.016	0.000	0.111	0.018	0.814	0.008	0.032
sad	0.010	0.000	0.054	0.013	0.878	0.003	0.043
sad	0.020	0.001	0.039	0.008	0.898	0.001	0.034
sad	0.017	0.000	0.041	0.035	0.718	0.001	0.190
sad	0.024	0.000	0.027	0.004	0.884	0.000	0.060
sad	0.024	0.001	0.024	0.003	0.874	0.000	0.073
sad	0.018	0.000	0.018	0.010	0.801	0.000	0.152
sad	0.020	0.000	0.024	0.014	0.774	0.000	0.168
sad	0.021	0.000	0.025	0.019	0.675	0.000	0.259
sad	0.027	0.001	0.036	0.026	0.574	0.000	0.335
sad	0.040	0.002	0.044	0.015	0.760	0.000	0.138
sad	0.030	0.002	0.038	0.011	0.813	0.000	0.105
sad	0.034	0.004	0.041	0.005	0.814	0.000	0.101
sad	0.024	0.004	0.037	0.006	0.765	0.000	0.164
sad	0.034	0.004	0.019	0.006	0.820	0.000	0.117
sad	0.042	0.001	0.026	0.008	0.674	0.000	0.248
sad	0.032	0.000	0.051	0.003	0.859	0.000	0.055
sad	0.037	0.005	0.041	0.011	0.820	0.000	0.086
sad	0.024	0.000	0.095	0.004	0.808	0.001	0.068
sad	0.018	0.000	0.058	0.001	0.888	0.001	0.034
sad	0.013	0.001	0.059	0.001	0.898	0.000	0.027
sad	0.024	0.002	0.043	0.002	0.903	0.000	0.026
sad	0.040	0.000	0.072	0.000	0.834	0.000	0.054
sad	0.032	0.001	0.062	0.001	0.860	0.000	0.044
sad	0.060	0.003	0.071	0.001	0.806	0.000	0.058
sad	0.040	0.005	0.094	0.000	0.821	0.000	0.040
sad	0.040	0.001	0.077	0.000	0.850	0.002	0.030
sad	0.067	0.003	0.121	0.000	0.790	0.003	0.016
sad	0.054	0.006	0.104	0.000	0.811	0.002	0.023
sad	0.035	0.005	0.055	0.000	0.884	0.000	0.022
sad	0.021	0.001	0.065	0.000	0.883	0.000	0.030
sad	0.029	0.003	0.052	0.000	0.899	0.000	0.016
sad	0.021	0.000	0.070	0.000	0.883	0.000	0.025
sad	0.022	0.001	0.073	0.001	0.831	0.000	0.072
sad	0.041	0.001	0.085	0.001	0.785	0.000	0.087
sad	0.013	0.000	0.078	0.003	0.840	0.001	0.065
sad	0.024	0.000	0.080	0.002	0.845	0.001	0.048
sad	0.035	0.000	0.129	0.005	0.725	0.002	0.104
sad	0.065	0.000	0.068	0.002	0.733	0.001	0.132
sad	0.049	0.000	0.055	0.005	0.726	0.001	0.164
sad	0.030	0.000	0.029	0.001	0.855	0.000	0.084
sad	0.058	0.000	0.050	0.001	0.872	0.002	0.016
sad	0.037	0.000	0.053	0.005	0.870	0.002	0.032
sad	0.028	0.001	0.034	0.073	0.824	0.002	0.037
sad	0.011	0.000	0.032	0.191	0.717	0.002	0.046
sad	0.018	0.001	0.024	0.225	0.704	0.001	0.026
happy	0.006	0.000	0.007	0.751	0.183	0.001	0.052
happy	0.005	0.000	0.003	0.808	0.111	0.001	0.071
happy	0.006	0.000	0.003	0.852	0.057	0.001	0.081
happy	0.014	0.001	0.007	0.727	0.143	0.001	0.107
happy	0.007	0.001	0.010	0.552	0.258	0.002	0.169
happy	0.008	0.001	0.005	0.667	0.188	0.001	0.129
happy	0.006	0.001	0.007	0.611	0.115	0.001	0.260
happy	0.014	0.001	0.007	0.488	0.174	0.001	0.315
happy	0.013	0.001	0.006	0.634	0.148	0.001	0.196
happy	0.016	0.001	0.009	0.436	0.263	0.001	0.274
happy	0.016	0.004	0.024	0.337	0.334	0.002	0.284
happy	0.026	0.006	0.019	0.416	0.247	0.001	0.284
happy	0.037	0.008	0.027	0.408	0.296	0.001	0.222
happy	0.021	0.003	0.017	0.402	0.204	0.001	0.353
sad	0.032	0.004	0.025	0.218	0.390	0.001	0.331
happy	0.025	0.004	0.024	0.423	0.239	0.002	0.282
sad	0.042	0.017	0.028	0.179	0.442	0.001	0.291
sad	0.028	0.007	0.023	0.262	0.413	0.001	0.266
happy	0.012	0.002	0.024	0.508	0.211	0.002	0.242
sad	0.019	0.006	0.026	0.187	0.538	0.001	0.224
sad	0.018	0.008	0.014	0.258	0.519	0.000	0.183
neutral	0.013	0.001	0.009	0.254	0.292	0.001	0.431
sad	0.017	0.003	0.011	0.274	0.347	0.001	0.347
sad	0.018	0.005	0.015	0.184	0.562	0.001	0.215
sad	0.015	0.002	0.007	0.256	0.467	0.000	0.252
happy	0.013	0.001	0.005	0.409	0.252	0.001	0.319
neutral	0.013	0.001	0.008	0.320	0.238	0.001	0.418
sad	0.048	0.009	0.011	0.071	0.560	0.000	0.300
sad	0.040	0.012	0.031	0.059	0.558	0.000	0.300
sad	0.039	0.027	0.034	0.037	0.474	0.000	0.389
neutral	0.054	0.018	0.053	0.044	0.351	0.000	0.479
neutral	0.056	0.024	0.052	0.040	0.317	0.001	0.511
neutral	0.076	0.056	0.074	0.046	0.333	0.002	0.413
sad	0.174	0.216	0.238	0.014	0.285	0.007	0.066
sad	0.191	0.189	0.157	0.015	0.344	0.004	0.099
fear	0.163	0.116	0.323	0.032	0.297	0.006	0.063
sad	0.058	0.182	0.106	0.041	0.445	0.000	0.167
sad	0.037	0.110	0.055	0.017	0.536	0.000	0.244
sad	0.048	0.025	0.048	0.012	0.581	0.000	0.285
