prediction	angry	disgust	fear	happy	sad	surprise	neutral
neutral	0.017	0.000	0.019	0.064	0.397	0.004	0.499
neutral	0.025	0.000	0.017	0.143	0.362	0.003	0.450
neutral	0.020	0.000	0.021	0.118	0.338	0.003	0.501
neutral	0.017	0.000	0.030	0.124	0.373	0.006	0.450
neutral	0.026	0.000	0.025	0.112	0.381	0.003	0.453
neutral	0.019	0.000	0.020	0.153	0.345	0.003	0.460
neutral	0.018	0.000	0.019	0.173	0.285	0.002	0.504
sad	0.025	0.000	0.017	0.103	0.433	0.002	0.421
sad	0.026	0.000	0.055	0.120	0.441	0.005	0.353
sad	0.051	0.000	0.018	0.137	0.434	0.004	0.356
sad	0.044	0.000	0.014	0.029	0.659	0.002	0.252
neutral	0.023	0.000	0.013	0.078	0.362	0.003	0.522
sad	0.045	0.000	0.015	0.297	0.384	0.003	0.256
neutral	0.025	0.000	0.012	0.317	0.249	0.007	0.389
happy	0.022	0.000	0.019	0.620	0.136	0.009	0.193
sad	0.057	0.000	0.037	0.180	0.420	0.010	0.296
happy	0.045	0.000	0.020	0.379	0.262	0.006	0.288
happy	0.025	0.000	0.011	0.582	0.098	0.005	0.278
happy	0.034	0.000	0.031	0.399	0.149	0.008	0.379
happy	0.022	0.000	0.017	0.556	0.108	0.007	0.290
happy	0.168	0.000	0.060	0.391	0.121	0.001	0.259
happy	0.029	0.000	0.015	0.506	0.121	0.004	0.325
happy	0.250	0.000	0.078	0.345	0.163	0.001	0.165
happy	0.034	0.000	0.011	0.424	0.176	0.003	0.352
happy	0.024	0.000	0.027	0.416	0.150	0.006	0.377
happy	0.183	0.000	0.046	0.446	0.164	0.000	0.160
neutral	0.025	0.000	0.031	0.379	0.150	0.008	0.406
neutral	0.025	0.000	0.026	0.393	0.145	0.008	0.403
neutral	0.025	0.000	0.041	0.369	0.172	0.007	0.385
happy	0.023	0.000	0.025	0.431	0.147	0.005	0.368
happy	0.017	0.000	0.029	0.408	0.142	0.005	0.400
neutral	0.025	0.000	0.017	0.366	0.164	0.002	0.425
happy	0.035	0.000	0.012	0.359	0.241	0.002	0.352
neutral	0.031	0.000	0.018	0.240	0.240	0.006	0.465
neutral	0.027	0.000	0.021	0.389	0.170	0.004	0.389
neutral	0.028	0.000	0.023	0.281	0.216	0.007	0.446
neutral	0.040	0.000	0.030	0.261	0.261	0.003	0.405
neutral	0.036	0.000	0.032	0.356	0.182	0.006	0.387
happy	0.249	0.000	0.085	0.260	0.254	0.003	0.149
happy	0.045	0.000	0.031	0.363	0.206	0.007	0.349
neutral	0.205	0.000	0.088	0.263	0.177	0.001	0.267
neutral	0.042	0.000	0.026	0.239	0.271	0.004	0.417
