prediction	angry	disgust	fear	happy	sad	surprise	neutral
fear	0.370	0.000	0.434	0.006	0.126	0.049	0.015
sad	0.156	0.000	0.009	0.260	0.316	0.002	0.256
happy	0.182	0.000	0.008	0.509	0.204	0.002	0.095
happy	0.126	0.000	0.005	0.644	0.115	0.001	0.108
happy	0.107	0.000	0.014	0.462	0.218	0.002	0.198
happy	0.094	0.000	0.013	0.479	0.258	0.003	0.154
happy	0.031	0.000	0.008	0.766	0.097	0.005	0.093
happy	0.039	0.001	0.009	0.651	0.123	0.004	0.173
happy	0.039	0.000	0.018	0.612	0.205	0.005	0.121
happy	0.042	0.001	0.020	0.561	0.244	0.004	0.128
happy	0.042	0.000	0.033	0.391	0.339	0.010	0.184
sad	0.064	0.000	0.023	0.262	0.359	0.008	0.284
sad	0.063	0.000	0.013	0.260	0.340	0.005	0.317
happy	0.048	0.000	0.003	0.660	0.105	0.003	0.182
happy	0.037	0.000	0.001	0.719	0.081	0.001	0.160
happy	0.043	0.000	0.002	0.733	0.090	0.002	0.129
happy	0.030	0.000	0.001	0.782	0.072	0.001	0.113
happy	0.041	0.000	0.002	0.742	0.063	0.001	0.150
happy	0.029	0.000	0.003	0.770	0.038	0.001	0.159
happy	0.065	0.000	0.007	0.590	0.071	0.005	0.263
neutral	0.117	0.000	0.012	0.355	0.135	0.005	0.376
neutral	0.113	0.000	0.019	0.311	0.137	0.011	0.409
happy	0.112	0.000	0.024	0.405	0.200	0.014	0.246
happy	0.155	0.000	0.023	0.359	0.257	0.016	0.190
happy	0.066	0.000	0.017	0.624	0.081	0.013	0.200
happy	0.069	0.000	0.026	0.598	0.117	0.015	0.175
happy	0.104	0.000	0.023	0.479	0.146	0.011	0.238
happy	0.057	0.000	0.017	0.593	0.133	0.005	0.196
happy	0.160	0.000	0.027	0.312	0.304	0.011	0.185
happy	0.140	0.000	0.034	0.360	0.292	0.024	0.150
happy	0.082	0.000	0.026	0.530	0.199	0.012	0.151
happy	0.095	0.000	0.028	0.459	0.260	0.015	0.143
happy	0.048	0.000	0.019	0.560	0.199	0.012	0.163
happy	0.082	0.000	0.026	0.458	0.251	0.021	0.163
happy	0.059	0.000	0.023	0.437	0.263	0.009	0.208
happy	0.089	0.000	0.022	0.456	0.280	0.008	0.145
happy	0.072	0.000	0.023	0.452	0.281	0.007	0.164
happy	0.082	0.000	0.026	0.533	0.232	0.008	0.118
sad	0.133	0.000	0.031	0.202	0.459	0.002	0.172
sad	0.066	0.000	0.030	0.316	0.420	0.003	0.165
sad	0.089	0.000	0.019	0.246	0.466	0.002	0.178
sad	0.065	0.000	0.021	0.197	0.501	0.004	0.212
neutral	0.059	0.000	0.032	0.273	0.231	0.002	0.403
happy	0.039	0.000	0.018	0.400	0.272	0.001	0.270
sad	0.088	0.000	0.022	0.158	0.396	0.003	0.334
neutral	0.057	0.000	0.018	0.245	0.316	0.004	0.361
happy	0.031	0.000	0.022	0.365	0.225	0.004	0.354
neutral	0.034	0.000	0.018	0.350	0.205	0.004	0.388
happy	0.023	0.000	0.011	0.507	0.140	0.002	0.318
happy	0.065	0.000	0.019	0.424	0.225	0.008	0.259
happy	0.041	0.000	0.015	0.527	0.195	0.005	0.217
neutral	0.056	0.000	0.013	0.230	0.227	0.006	0.469
neutral	0.047	0.000	0.013	0.308	0.185	0.004	0.443
neutral	0.022	0.000	0.010	0.351	0.126	0.003	0.488
neutral	0.019	0.000	0.014	0.369	0.145	0.004	0.449
neutral	0.031	0.000	0.027	0.288	0.305	0.001	0.349
sad	0.039	0.000	0.024	0.309	0.393	0.001	0.235
happy	0.029	0.000	0.016	0.514	0.187	0.001	0.254
happy	0.039	0.000	0.017	0.459	0.211	0.001	0.272
happy	0.036	0.000	0.020	0.402	0.224	0.001	0.317
happy	0.035	0.000	0.019	0.396	0.232	0.002	0.317
happy	0.032	0.000	0.019	0.479	0.219	0.003	0.248
neutral	0.043	0.000	0.017	0.323	0.285	0.002	0.330
happy	0.049	0.000	0.048	0.317	0.277	0.003	0.306
happy	0.046	0.000	0.022	0.355	0.250	0.002	0.325
happy	0.059	0.000	0.018	0.389	0.286	0.002	0.246
happy	0.039	0.000	0.018	0.570	0.128	0.002	0.243
happy	0.061	0.000	0.025	0.532	0.156	0.003	0.223
happy	0.061	0.000	0.025	0.426	0.173	0.002	0.314
happy	0.031	0.000	0.007	0.698	0.071	0.000	0.192
neutral	0.059	0.000	0.025	0.298	0.290	0.001	0.328
happy	0.052	0.000	0.013	0.444	0.145	0.001	0.346
happy	0.049	0.000	0.019	0.386	0.222	0.003	0.320
happy	0.025	0.000	0.007	0.533	0.091	0.002	0.341
happy	0.043	0.000	0.010	0.428	0.146	0.003	0.370
happy	0.036	0.000	0.009	0.466	0.102	0.002	0.385
happy	0.048	0.000	0.014	0.384	0.186	0.004	0.364
neutral	0.071	0.000	0.009	0.347	0.188	0.003	0.383
neutral	0.080	0.000	0.019	0.262	0.291	0.004	0.343
happy	0.070	0.000	0.011	0.355	0.227	0.004	0.333
sad	0.072	0.000	0.016	0.239	0.398	0.003	0.271
neutral	0.070	0.000	0.020	0.298	0.300	0.003	0.309
happy	0.047	0.000	0.015	0.379	0.275	0.004	0.281
sad	0.076	0.000	0.013	0.229	0.389	0.002	0.292
sad	0.053	0.000	0.015	0.309	0.341	0.003	0.279
happy	0.045	0.000	0.015	0.328	0.310	0.002	0.299
neutral	0.034	0.000	0.011	0.347	0.225	0.003	0.380
neutral	0.042	0.000	0.021	0.330	0.240	0.004	0.363
happy	0.050	0.000	0.019	0.498	0.197	0.002	0.233
sad	0.060	0.000	0.021	0.280	0.403	0.002	0.233
sad	0.062	0.000	0.032	0.250	0.370	0.007	0.279
sad	0.102	0.000	0.035	0.245	0.372	0.005	0.241
sad	0.123	0.000	0.035	0.280	0.353	0.007	0.201
sad	0.084	0.000	0.019	0.311	0.353	0.003	0.230
happy	0.087	0.000	0.032	0.351	0.315	0.010	0.205
happy	0.099	0.000	0.031	0.417	0.204	0.008	0.240
happy	0.079	0.000	0.031	0.517	0.172	0.010	0.191
happy	0.083	0.000	0.034	0.385	0.272	0.005	0.221
sad	0.101	0.000	0.041	0.188	0.470	0.012	0.189
neutral	0.124	0.000	0.053	0.227	0.249	0.019	0.328
happy	0.075	0.000	0.019	0.465	0.229	0.009	0.202
happy	0.063	0.000	0.039	0.486	0.183	0.013	0.216
happy	0.136	0.000	0.026	0.361	0.283	0.005	0.190
happy	0.074	0.000	0.023	0.429	0.170	0.011	0.292
neutral	0.075	0.000	0.030	0.279	0.233	0.006	0.378
happy	0.107	0.000	0.028	0.389	0.229	0.008	0.240
happy	0.063	0.000	0.023	0.478	0.183	0.008	0.244
happy	0.052	0.000	0.026	0.548	0.152	0.013	0.209
happy	0.102	0.000	0.036	0.334	0.295	0.012	0.220
happy	0.052	0.000	0.041	0.544	0.171	0.018	0.174
happy	0.064	0.000	0.035	0.403	0.234	0.014	0.250
happy	0.100	0.000	0.027	0.356	0.217	0.003	0.297
happy	0.119	0.001	0.027	0.325	0.304	0.001	0.222
happy	0.089	0.000	0.026	0.427	0.251	0.007	0.199
sad	0.110	0.000	0.034	0.304	0.347	0.009	0.196
sad	0.125	0.000	0.038	0.286	0.316	0.013	0.222
happy	0.073	0.000	0.038	0.377	0.251	0.011	0.251
happy	0.066	0.000	0.041	0.434	0.269	0.011	0.179
happy	0.071	0.000	0.036	0.358	0.289	0.014	0.231
sad	0.095	0.000	0.040	0.239	0.416	0.009	0.200
happy	0.066	0.000	0.043	0.383	0.333	0.009	0.166
sad	0.104	0.000	0.043	0.197	0.353	0.011	0.292
sad	0.104	0.001	0.034	0.259	0.369	0.008	0.225
sad	0.112	0.000	0.040	0.204	0.486	0.002	0.156
happy	0.076	0.001	0.040	0.426	0.289	0.007	0.161
happy	0.089	0.000	0.038	0.339	0.298	0.008	0.228
happy	0.106	0.000	0.045	0.380	0.327	0.012	0.130
happy	0.087	0.000	0.055	0.384	0.292	0.018	0.164
happy	0.088	0.000	0.027	0.444	0.232	0.013	0.194
happy	0.095	0.000	0.049	0.291	0.281	0.022	0.262
sad	0.122	0.000	0.066	0.259	0.323	0.021	0.209
sad	0.120	0.000	0.049	0.298	0.301	0.018	0.214
happy	0.063	0.000	0.023	0.441	0.199	0.012	0.263
happy	0.056	0.000	0.044	0.537	0.131	0.025	0.207
happy	0.110	0.000	0.055	0.293	0.258	0.021	0.262
happy	0.102	0.000	0.040	0.368	0.219	0.019	0.251
happy	0.098	0.000	0.030	0.301	0.265	0.007	0.298
happy	0.072	0.000	0.035	0.389	0.307	0.011	0.187
neutral	0.114	0.000	0.031	0.296	0.240	0.018	0.301
happy	0.092	0.000	0.030	0.383	0.215	0.015	0.266
happy	0.109	0.000	0.038	0.385	0.197	0.023	0.247
happy	0.083	0.000	0.034	0.405	0.190	0.017	0.271
happy	0.116	0.000	0.034	0.285	0.275	0.014	0.276
happy	0.069	0.000	0.031	0.445	0.160	0.019	0.276
happy	0.079	0.000	0.032	0.410	0.187	0.017	0.275
happy	0.102	0.000	0.037	0.377	0.260	0.013	0.211
