prediction	angry	disgust	fear	happy	sad	surprise	neutral
sad	0.418	0.000	0.042	0.001	0.488	0.002	0.049
sad	0.057	0.000	0.181	0.043	0.531	0.004	0.185
sad	0.020	0.000	0.041	0.070	0.575	0.011	0.282
sad	0.087	0.000	0.091	0.006	0.730	0.002	0.084
sad	0.016	0.000	0.041	0.075	0.459	0.008	0.401
sad	0.090	0.000	0.072	0.011	0.710	0.003	0.114
sad	0.012	0.000	0.042	0.046	0.630	0.008	0.261
sad	0.018	0.000	0.038	0.065	0.654	0.009	0.215
sad	0.021	0.000	0.046	0.098	0.555	0.016	0.264
sad	0.016	0.000	0.045	0.074	0.557	0.010	0.298
sad	0.016	0.000	0.041	0.097	0.516	0.012	0.318
sad	0.017	0.000	0.041	0.096	0.544	0.008	0.294
sad	0.018	0.000	0.067	0.091	0.460	0.007	0.356
sad	0.017	0.000	0.061	0.160	0.424	0.005	0.334
sad	0.019	0.000	0.074	0.181	0.436	0.015	0.275
neutral	0.005	0.000	0.022	0.312	0.241	0.008	0.413
neutral	0.006	0.000	0.026	0.316	0.157	0.005	0.490
neutral	0.008	0.000	0.045	0.142	0.177	0.009	0.618
neutral	0.008	0.000	0.044	0.097	0.197	0.012	0.643
happy	0.113	0.000	0.073	0.379	0.376	0.002	0.057
happy	0.096	0.000	0.030	0.766	0.045	0.001	0.062
happy	0.155	0.000	0.023	0.644	0.103	0.001	0.074
happy	0.253	0.000	0.024	0.569	0.070	0.001	0.083
happy	0.265	0.000	0.021	0.591	0.048	0.002	0.073
neutral	0.088	0.000	0.036	0.085	0.181	0.006	0.603
angry	0.478	0.000	0.042	0.381	0.050	0.002	0.047
happy	0.350	0.000	0.019	0.513	0.044	0.002	0.071
angry	0.382	0.000	0.027	0.352	0.140	0.002	0.097
neutral	0.253	0.000	0.036	0.047	0.314	0.003	0.346
happy	0.207	0.000	0.018	0.643	0.046	0.001	0.085
angry	0.587	0.000	0.024	0.053	0.130	0.002	0.204
neutral	0.402	0.000	0.033	0.035	0.121	0.001	0.407
angry	0.551	0.000	0.044	0.009	0.126	0.001	0.270
neutral	0.214	0.000	0.051	0.032	0.168	0.004	0.532
angry	0.566	0.000	0.055	0.009	0.115	0.004	0.251
neutral	0.111	0.000	0.073	0.075	0.175	0.006	0.561
neutral	0.045	0.000	0.027	0.033	0.171	0.005	0.719
neutral	0.049	0.000	0.019	0.046	0.186	0.013	0.688
neutral	0.032	0.000	0.037	0.030	0.132	0.003	0.766
neutral	0.033	0.000	0.014	0.038	0.241	0.015	0.658
neutral	0.030	0.000	0.013	0.004	0.099	0.004	0.850
neutral	0.028	0.000	0.014	0.003	0.049	0.001	0.905
neutral	0.044	0.000	0.014	0.003	0.076	0.005	0.857
neutral	0.019	0.000	0.011	0.003	0.054	0.001	0.912
neutral	0.025	0.000	0.009	0.027	0.070	0.016	0.853
neutral	0.029	0.000	0.009	0.001	0.052	0.002	0.906
neutral	0.126	0.000	0.067	0.139	0.301	0.029	0.337
neutral	0.126	0.001	0.053	0.092	0.307	0.023	0.397
happy	0.056	0.000	0.063	0.693	0.059	0.011	0.118
happy	0.055	0.000	0.040	0.777	0.043	0.009	0.077
neutral	0.105	0.000	0.031	0.047	0.378	0.011	0.428
happy	0.046	0.000	0.044	0.756	0.046	0.009	0.099
neutral	0.249	0.000	0.026	0.023	0.198	0.005	0.498
happy	0.069	0.000	0.039	0.777	0.033	0.011	0.071
happy	0.056	0.000	0.037	0.757	0.041	0.013	0.095
happy	0.069	0.000	0.047	0.707	0.052	0.008	0.117
neutral	0.090	0.000	0.033	0.023	0.368	0.005	0.481
happy	0.075	0.000	0.043	0.726	0.049	0.007	0.100
sad	0.247	0.000	0.029	0.014	0.371	0.009	0.330
happy	0.250	0.000	0.053	0.419	0.095	0.009	0.173
sad	0.357	0.000	0.073	0.062	0.366	0.015	0.126
sad	0.311	0.000	0.094	0.027	0.381	0.003	0.184
angry	0.428	0.000	0.065	0.016	0.330	0.007	0.153
angry	0.396	0.000	0.085	0.010	0.278	0.011	0.221
sad	0.210	0.000	0.078	0.003	0.379	0.006	0.325
sad	0.251	0.000	0.079	0.006	0.428	0.003	0.233
sad	0.097	0.000	0.157	0.006	0.525	0.005	0.210
sad	0.183	0.000	0.120	0.007	0.397	0.003	0.291
sad	0.076	0.000	0.149	0.018	0.384	0.006	0.366
sad	0.115	0.000	0.094	0.006	0.422	0.006	0.357
sad	0.089	0.000	0.144	0.027	0.434	0.006	0.301
sad	0.074	0.000	0.084	0.021	0.448	0.003	0.370
neutral	0.066	0.000	0.071	0.021	0.329	0.002	0.512
neutral	0.102	0.000	0.122	0.014	0.230	0.003	0.528
neutral	0.081	0.000	0.070	0.011	0.231	0.003	0.604
neutral	0.089	0.000	0.091	0.019	0.313	0.004	0.484
neutral	0.086	0.000	0.063	0.011	0.265	0.002	0.573
neutral	0.106	0.000	0.039	0.013	0.256	0.001	0.585
neutral	0.086	0.000	0.029	0.014	0.166	0.000	0.704
neutral	0.093	0.000	0.053	0.014	0.238	0.001	0.600
neutral	0.065	0.000	0.047	0.020	0.201	0.001	0.667
neutral	0.068	0.000	0.041	0.015	0.230	0.001	0.645
neutral	0.062	0.000	0.042	0.013	0.259	0.001	0.623
neutral	0.110	0.000	0.072	0.019	0.292	0.003	0.503
neutral	0.091	0.000	0.052	0.022	0.328	0.003	0.503
neutral	0.084	0.000	0.070	0.031	0.282	0.004	0.529
neutral	0.076	0.000	0.095	0.031	0.324	0.004	0.469
neutral	0.079	0.000	0.062	0.018	0.254	0.002	0.585
neutral	0.078	0.000	0.053	0.018	0.269	0.002	0.580
neutral	0.096	0.000	0.088	0.024	0.286	0.007	0.499
neutral	0.062	0.000	0.074	0.038	0.241	0.003	0.581
neutral	0.072	0.000	0.044	0.027	0.359	0.003	0.495
neutral	0.079	0.000	0.051	0.014	0.237	0.002	0.617
neutral	0.066	0.000	0.049	0.033	0.254	0.001	0.597
neutral	0.055	0.000	0.043	0.032	0.206	0.001	0.664
neutral	0.079	0.000	0.046	0.008	0.164	0.000	0.701
neutral	0.094	0.000	0.046	0.004	0.400	0.000	0.455
sad	0.108	0.000	0.081	0.008	0.469	0.000	0.334
sad	0.102	0.000	0.055	0.006	0.572	0.000	0.264
sad	0.087	0.000	0.054	0.013	0.548	0.000	0.298
sad	0.077	0.000	0.068	0.011	0.499	0.000	0.346
sad	0.107	0.000	0.046	0.006	0.629	0.000	0.211
sad	0.091	0.000	0.052	0.013	0.562	0.000	0.281
sad	0.089	0.000	0.054	0.010	0.677	0.000	0.169
sad	0.081	0.000	0.058	0.008	0.652	0.000	0.199
sad	0.087	0.000	0.056	0.010	0.572	0.000	0.274
sad	0.106	0.000	0.049	0.011	0.556	0.000	0.278
sad	0.062	0.000	0.047	0.013	0.547	0.000	0.331
sad	0.082	0.000	0.044	0.014	0.559	0.000	0.300
sad	0.068	0.000	0.045	0.013	0.601	0.000	0.273
sad	0.077	0.000	0.041	0.010	0.603	0.000	0.268
sad	0.084	0.000	0.058	0.011	0.572	0.000	0.275
sad	0.100	0.000	0.059	0.006	0.656	0.000	0.179
sad	0.112	0.000	0.063	0.011	0.613	0.000	0.199
sad	0.078	0.000	0.065	0.012	0.594	0.000	0.251
sad	0.092	0.000	0.094	0.011	0.596	0.000	0.206
sad	0.104	0.000	0.048	0.006	0.617	0.000	0.224
sad	0.080	0.000	0.062	0.004	0.664	0.000	0.190
sad	0.112	0.000	0.079	0.011	0.576	0.000	0.222
sad	0.106	0.000	0.072	0.005	0.711	0.000	0.106
sad	0.080	0.000	0.059	0.017	0.609	0.000	0.234
sad	0.141	0.000	0.082	0.008	0.558	0.000	0.210
sad	0.116	0.000	0.069	0.007	0.631	0.000	0.177
sad	0.085	0.000	0.057	0.016	0.554	0.000	0.288
sad	0.105	0.000	0.065	0.008	0.635	0.000	0.187
sad	0.091	0.000	0.076	0.004	0.683	0.000	0.145
sad	0.124	0.000	0.049	0.004	0.640	0.000	0.183
sad	0.112	0.000	0.068	0.006	0.578	0.000	0.235
sad	0.120	0.000	0.067	0.005	0.519	0.000	0.289
sad	0.100	0.000	0.065	0.006	0.642	0.000	0.187
sad	0.085	0.000	0.082	0.006	0.572	0.000	0.255
sad	0.107	0.000	0.042	0.005	0.676	0.000	0.170
sad	0.082	0.000	0.100	0.003	0.655	0.000	0.160
sad	0.072	0.000	0.070	0.003	0.718	0.000	0.135
sad	0.076	0.000	0.085	0.005	0.652	0.000	0.183
sad	0.117	0.000	0.084	0.004	0.593	0.000	0.203
sad	0.109	0.000	0.077	0.003	0.718	0.000	0.093
sad	0.094	0.000	0.085	0.005	0.702	0.000	0.113
sad	0.074	0.000	0.043	0.004	0.728	0.000	0.151
sad	0.076	0.000	0.083	0.003	0.734	0.000	0.104
sad	0.121	0.000	0.069	0.005	0.653	0.000	0.151
sad	0.091	0.000	0.050	0.003	0.706	0.000	0.150
sad	0.058	0.000	0.060	0.008	0.605	0.000	0.269
sad	0.104	0.000	0.065	0.003	0.717	0.000	0.111
sad	0.106	0.000	0.061	0.014	0.650	0.000	0.169
sad	0.074	0.000	0.044	0.007	0.755	0.000	0.120
sad	0.094	0.000	0.056	0.010	0.674	0.000	0.166
sad	0.109	0.000	0.063	0.008	0.647	0.000	0.174
sad	0.117	0.000	0.057	0.007	0.682	0.000	0.137
sad	0.137	0.000	0.048	0.004	0.588	0.000	0.223
sad	0.131	0.000	0.092	0.007	0.417	0.001	0.352
sad	0.082	0.000	0.055	0.006	0.635	0.001	0.221
sad	0.052	0.000	0.064	0.051	0.619	0.015	0.199
sad	0.044	0.000	0.071	0.069	0.471	0.065	0.280
sad	0.077	0.000	0.034	0.036	0.584	0.014	0.255
sad	0.077	0.000	0.058	0.029	0.481	0.019	0.336
neutral	0.072	0.000	0.063	0.027	0.248	0.021	0.569
neutral	0.096	0.000	0.045	0.009	0.253	0.017	0.580
neutral	0.076	0.000	0.027	0.009	0.262	0.029	0.597
sad	0.126	0.000	0.018	0.033	0.649	0.013	0.162
sad	0.022	0.000	0.037	0.073	0.671	0.007	0.190
sad	0.025	0.000	0.036	0.103	0.605	0.014	0.217
sad	0.032	0.000	0.017	0.077	0.683	0.005	0.186
sad	0.020	0.000	0.009	0.012	0.847	0.001	0.112
sad	0.032	0.000	0.016	0.014	0.865	0.001	0.072
sad	0.043	0.000	0.019	0.038	0.767	0.004	0.130
sad	0.036	0.000	0.023	0.042	0.810	0.002	0.088
sad	0.033	0.000	0.033	0.038	0.750	0.005	0.141
sad	0.044	0.000	0.027	0.051	0.737	0.007	0.134
sad	0.049	0.000	0.018	0.055	0.773	0.005	0.100
sad	0.037	0.000	0.028	0.058	0.726	0.006	0.145
sad	0.063	0.000	0.030	0.060	0.717	0.005	0.124
sad	0.038	0.000	0.023	0.036	0.772	0.004	0.127
sad	0.026	0.000	0.018	0.042	0.778	0.003	0.132
sad	0.031	0.000	0.023	0.020	0.731	0.004	0.191
sad	0.052	0.000	0.027	0.032	0.756	0.009	0.124
sad	0.038	0.000	0.026	0.036	0.784	0.004	0.113
sad	0.034	0.000	0.021	0.057	0.764	0.004	0.121
sad	0.038	0.000	0.031	0.089	0.686	0.011	0.144
sad	0.056	0.000	0.040	0.088	0.685	0.008	0.123
sad	0.059	0.000	0.043	0.046	0.654	0.008	0.190
sad	0.063	0.000	0.025	0.032	0.732	0.004	0.144
sad	0.029	0.000	0.020	0.043	0.746	0.003	0.159
sad	0.047	0.000	0.037	0.080	0.610	0.004	0.222
sad	0.038	0.000	0.031	0.066	0.694	0.004	0.166
sad	0.031	0.000	0.032	0.035	0.721	0.004	0.178
sad	0.038	0.000	0.032	0.074	0.671	0.006	0.179
sad	0.058	0.000	0.075	0.061	0.693	0.004	0.108
sad	0.064	0.000	0.024	0.022	0.706	0.002	0.181
sad	0.066	0.000	0.045	0.026	0.730	0.010	0.124
sad	0.071	0.000	0.061	0.031	0.727	0.004	0.106
sad	0.019	0.000	0.029	0.072	0.514	0.007	0.359
sad	0.012	0.000	0.066	0.082	0.622	0.026	0.192
sad	0.014	0.000	0.056	0.057	0.714	0.027	0.132
sad	0.017	0.000	0.125	0.080	0.571	0.074	0.133
sad	0.026	0.000	0.265	0.164	0.402	0.047	0.096
happy	0.073	0.000	0.192	0.373	0.316	0.009	0.037
neutral	0.068	0.000	0.049	0.065	0.333	0.008	0.477
sad	0.021	0.000	0.068	0.049	0.606	0.003	0.254
sad	0.050	0.000	0.041	0.023	0.696	0.003	0.187
sad	0.034	0.000	0.087	0.055	0.668	0.005	0.150
sad	0.067	0.000	0.064	0.066	0.636	0.004	0.163
sad	0.086	0.000	0.039	0.050	0.687	0.003	0.136
sad	0.061	0.000	0.028	0.030	0.643	0.004	0.234
sad	0.060	0.000	0.023	0.054	0.734	0.002	0.127
sad	0.021	0.000	0.079	0.100	0.638	0.006	0.155
sad	0.037	0.000	0.076	0.071	0.681	0.006	0.128
sad	0.028	0.000	0.087	0.085	0.636	0.009	0.156
sad	0.025	0.000	0.084	0.070	0.656	0.008	0.158
sad	0.043	0.000	0.120	0.074	0.599	0.017	0.148
sad	0.034	0.000	0.068	0.083	0.653	0.005	0.157
neutral	0.029	0.000	0.138	0.055	0.354	0.011	0.413
sad	0.032	0.000	0.132	0.084	0.562	0.008	0.182
sad	0.037	0.000	0.109	0.059	0.618	0.006	0.170
sad	0.036	0.000	0.135	0.101	0.413	0.011	0.305
sad	0.036	0.000	0.113	0.100	0.563	0.010	0.178
sad	0.025	0.000	0.101	0.082	0.664	0.007	0.121
sad	0.049	0.000	0.089	0.064	0.573	0.006	0.219
sad	0.031	0.000	0.104	0.105	0.621	0.005	0.134
sad	0.034	0.000	0.148	0.042	0.417	0.007	0.353
sad	0.033	0.000	0.110	0.038	0.461	0.005	0.352
neutral	0.031	0.000	0.155	0.038	0.314	0.010	0.452
sad	0.036	0.000	0.091	0.064	0.674	0.006	0.129
sad	0.026	0.000	0.079	0.134	0.622	0.010	0.130
sad	0.018	0.000	0.132	0.047	0.641	0.008	0.154
sad	0.032	0.000	0.101	0.067	0.625	0.005	0.169
sad	0.037	0.000	0.081	0.068	0.661	0.008	0.145
sad	0.048	0.000	0.086	0.094	0.589	0.007	0.176
sad	0.049	0.000	0.121	0.097	0.560	0.012	0.161
sad	0.037	0.000	0.166	0.050	0.481	0.006	0.260
sad	0.029	0.000	0.086	0.047	0.527	0.006	0.306
sad	0.037	0.000	0.091	0.042	0.435	0.007	0.388
sad	0.108	0.000	0.078	0.034	0.650	0.002	0.128
sad	0.193	0.000	0.074	0.005	0.502	0.001	0.225
sad	0.153	0.000	0.073	0.027	0.646	0.002	0.099
sad	0.136	0.000	0.071	0.028	0.630	0.002	0.133
sad	0.099	0.000	0.073	0.018	0.676	0.005	0.129
sad	0.105	0.000	0.061	0.073	0.672	0.004	0.085
sad	0.060	0.000	0.140	0.233	0.497	0.023	0.047
sad	0.043	0.000	0.179	0.305	0.429	0.010	0.034
sad	0.061	0.000	0.142	0.190	0.490	0.009	0.108
happy	0.026	0.000	0.053	0.479	0.205	0.014	0.223
sad	0.045	0.000	0.106	0.209	0.435	0.026	0.180
sad	0.050	0.000	0.040	0.111	0.509	0.008	0.282
sad	0.029	0.000	0.041	0.141	0.471	0.018	0.299
happy	0.026	0.000	0.047	0.502	0.253	0.029	0.144
sad	0.093	0.000	0.056	0.293	0.357	0.026	0.175
sad	0.022	0.000	0.023	0.124	0.560	0.008	0.263
sad	0.010	0.000	0.100	0.032	0.508	0.019	0.331
neutral	0.025	0.000	0.088	0.032	0.313	0.006	0.537
sad	0.048	0.000	0.048	0.052	0.821	0.002	0.030
sad	0.089	0.000	0.043	0.032	0.783	0.001	0.052
sad	0.143	0.000	0.102	0.029	0.663	0.002	0.062
neutral	0.025	0.000	0.044	0.051	0.059	0.004	0.816
sad	0.173	0.000	0.041	0.037	0.657	0.006	0.086
sad	0.101	0.068	0.034	0.099	0.599	0.009	0.091
neutral	0.235	0.000	0.054	0.011	0.185	0.005	0.510
sad	0.151	0.034	0.033	0.077	0.580	0.008	0.117
neutral	0.266	0.000	0.038	0.004	0.093	0.023	0.576
sad	0.198	0.023	0.055	0.041	0.583	0.006	0.094
sad	0.203	0.064	0.057	0.044	0.545	0.008	0.078
sad	0.254	0.047	0.098	0.072	0.421	0.012	0.095
sad	0.202	0.051	0.109	0.059	0.461	0.018	0.099
neutral	0.194	0.000	0.040	0.004	0.127	0.017	0.617
sad	0.243	0.068	0.094	0.071	0.400	0.012	0.111
sad	0.247	0.012	0.082	0.039	0.570	0.003	0.047
sad	0.137	0.041	0.084	0.099	0.525	0.009	0.105
sad	0.150	0.014	0.126	0.044	0.559	0.007	0.099
sad	0.213	0.067	0.113	0.073	0.424	0.012	0.098
sad	0.152	0.021	0.064	0.077	0.580	0.007	0.099
sad	0.202	0.097	0.063	0.063	0.499	0.013	0.063
sad	0.160	0.093	0.048	0.073	0.531	0.009	0.086
sad	0.093	0.051	0.053	0.047	0.663	0.009	0.083
neutral	0.076	0.000	0.066	0.139	0.104	0.029	0.586
neutral	0.061	0.000	0.159	0.111	0.133	0.025	0.511
neutral	0.079	0.000	0.112	0.079	0.134	0.029	0.567
neutral	0.103	0.000	0.198	0.076	0.143	0.070	0.410
neutral	0.056	0.000	0.175	0.041	0.160	0.029	0.539
neutral	0.059	0.000	0.139	0.022	0.110	0.028	0.641
neutral	0.067	0.000	0.242	0.088	0.081	0.035	0.488
neutral	0.055	0.000	0.219	0.053	0.100	0.062	0.510
neutral	0.064	0.000	0.199	0.038	0.099	0.061	0.539
neutral	0.060	0.000	0.179	0.050	0.079	0.094	0.537
neutral	0.061	0.000	0.126	0.075	0.089	0.046	0.603
neutral	0.068	0.000	0.215	0.119	0.129	0.021	0.448
sad	0.043	0.000	0.072	0.029	0.531	0.003	0.322
sad	0.057	0.000	0.022	0.103	0.612	0.003	0.203
sad	0.056	0.000	0.032	0.035	0.625	0.002	0.250
sad	0.097	0.000	0.045	0.056	0.573	0.005	0.224
sad	0.075	0.000	0.022	0.046	0.614	0.006	0.238
sad	0.039	0.000	0.032	0.076	0.476	0.007	0.370
sad	0.047	0.000	0.044	0.064	0.559	0.009	0.277
sad	0.059	0.000	0.031	0.041	0.670	0.008	0.191
sad	0.073	0.000	0.042	0.043	0.570	0.009	0.263
sad	0.070	0.000	0.036	0.034	0.599	0.008	0.253
sad	0.065	0.000	0.026	0.028	0.595	0.004	0.282
sad	0.030	0.000	0.033	0.014	0.683	0.004	0.237
sad	0.053	0.000	0.025	0.025	0.660	0.004	0.232
sad	0.029	0.000	0.037	0.054	0.527	0.009	0.343
sad	0.047	0.000	0.031	0.058	0.615	0.010	0.239
sad	0.048	0.000	0.041	0.037	0.627	0.011	0.237
sad	0.084	0.000	0.028	0.031	0.691	0.005	0.160
sad	0.067	0.000	0.026	0.030	0.688	0.005	0.184
sad	0.061	0.000	0.046	0.037	0.540	0.005	0.311
